agent0
actions UP DOWN LEFT RIGHT PRESS NOTHING
0108000 39790.76852966911 40102.151318277465 39529.49745517531 39330.63905634617 39821.23024757343 39824.157616872006
0109000 39462.472939946965 39508.35554718388 39761.99811130071 39267.047605094966 39465.83334690514 39473.032546439084
0110000 39102.70290984685 39154.376287563115 39521.2057534955 39162.55806315882 39147.44561734919 39104.719464137175
0210000 39126.313771673 39073.732623121745 39470.840347368045 39232.0769239358 39220.21477733468 39193.07802709248
0209000 39457.83644239199 39399.40327249103 39821.31410552047 39143.22980629674 39462.14890780174 39395.923220458935
0107000 39606.892297094455 40040.02563912123 39726.42161325201 39775.99257807563 39606.77181966409 39731.790334108875
0208000 39808.009509669646 39748.93164594515 40202.18699169255 39418.30671805805 39791.069588418955 39962.3175420588
0207000 39722.790460761695 39786.443123872545 40309.053891637566 39840.58426294682 39960.21249406996 39979.275425732754
0307000 39966.95243250722 39431.22008338598 39727.44261615561 39643.686048594675 39632.32760768051 39715.26657332505
0306000 40055.08668449725 39326.63923244954 39810.92810022026 39633.350448984886 39760.36744417856 39748.841626630085
0406000 39604.57517074162 38992.21679616102 38927.275251587154 39176.77687874834 39257.716645362 39262.989813843466
0407000 39716.902228615036 38937.24473873976 39368.455008413985 39371.333405022466 39384.12478001775 39348.49306991849
0106000 39702.63216146986 39981.544556275054 39726.942886902565 39459.38707768172 39621.18432693386 39638.14721006477
0206000 39675.65211418609 39774.536328843446 40413.12801519886 40061.16185316646 40050.869556442376 39942.88439069841
0105000 39866.51424529695 40217.716753028566 39793.624681349334 39652.28612813494 39782.31015243575 39789.79840899678
0104000 39596.850012307514 40251.4802266817 40058.644674630195 39771.52294122961 39848.35785879314 39790.35599816972
0204000 39720.9946575543 40289.68764773077 40591.44161062332 40190.561586859556 40342.01748076585 40335.55134250606
0205000 39849.8493145429 40170.580564122145 40500.87451203277 40076.861058655726 40072.26735116483 40083.10362984213
0203000 39917.39548473617 40436.56988012345 40699.119770898 40274.706848035195 40452.31460044907 40435.71960590713
0103000 40030.68271845493 40418.44147680464 40195.42514151976 39746.509784047266 40100.498696861236 40159.11617025921
0102000 40087.92194966921 40553.924799220185 40245.2096738967 40110.33160146277 40292.266305726036 40193.854758165915
0202000 40095.634316589414 40207.25531610868 40804.11146662562 40441.953580120295 40539.9563237893 40485.14168921797
0201000 40218.49416293967 40916.803256601386 40613.68302128759 40443.312474558756 40594.7197957408 40608.323120301335
0101000 40334.070050351365 40593.77793812957 40339.73569562126 40236.80045524602 40112.11021339501 40292.39918504965
0302000 40520.590158110754 40141.28771897685 40624.277337519816 40349.354839097585 40389.89727267982 40369.84681095393
0402000 40343.74056164689 40083.708257948965 40716.39852144196 40340.43790264388 40224.24917123447 40422.70108325623
0502000 40248.00421942474 40032.260231727545 40351.56579535567 40077.04100084222 40187.2508950209 39993.553527651915
0501000 40759.76122054462 40409.00311233985 40445.84223214328 40136.34074671783 40332.99454236326 40515.61582036658
0401000 40589.156260234864 40412.504957288525 40758.45030064497 40333.5745390059 41114.91422503968 40712.05420602432
0301000 40508.56116148514 41015.06625207224 40618.982775106575 40365.69931615468 40702.220924964204 40716.164826547334
0401100 40767.55211081489 40541.81020274468 40894.452226855035 41216.054957622626 40937.05251250539 40933.04504075994
0301100 40761.68708287074 40885.09332267181 40657.08000532203 41200.53190824263 40848.55419648365 40693.35877586039
0201100 40436.4742612757 40594.35894675168 40774.520574609094 41162.10485676717 40869.1912544396 40755.132854999836
0202100 40646.45825713069 41012.80342900492 40866.5569222153 41516.99763660479 40951.228563217664 41264.28569820861
0102100 40638.66544866649 40802.11560672903 40265.51365157613 40949.41441509574 40598.34844424936 40561.238177235435
0101100 40281.05393731802 40470.38590798441 40331.80019853399 40641.571611703555 40266.560006386695 40315.55637071938
0203100 40922.027329629746 41259.53031335313 40897.75070098215 41619.81352795413 41340.77156572306 41264.58707097855
0103100 40941.13103905232 41134.604453935135 40676.32960604913 40941.01536714311 40752.10193211341 40900.19608908551
0104100 40932.65228915418 41264.86910616701 40871.463064330084 41079.40633388531 40959.58459231994 41015.20594541267
0302100 41412.73812940554 41061.681454557605 40844.24749415281 41057.00393919371 41156.79371201982 40957.419349925185
0501100 40958.465385109244 39608.158164229055 40543.33248248856 40726.647577198906 39715.73081473743 40509.51367069592
0502100 41108.059900179534 40700.07394249677 40568.87769431702 40775.568761419636 40638.65089143727 40580.993475492505
0402100 41309.61134555954 40755.036774412976 40934.41813272785 41065.47592370738 41010.44568404056 40905.47336814706
0204100 41051.21774484943 41443.47880203383 41279.18744983987 41708.03205897599 41324.50957460039 41422.339681374375
0205100 41237.78940126111 41402.51690505973 41143.98926263995 41316.727200522924 41419.20731986883 41757.01351133929
0206100 41422.00781563358 40966.45846700931 41259.60522824256 40839.75512792556 41564.21379902761 41288.40493109662
0405000 39029.93132550244 38443.222163494254 38746.80917861687 39272.57137860716 38813.79890520216 38904.39618856027
0505000 38923.8659610914 38265.67526202304 38202.941923374 38903.68850510937 38497.49626988222 38598.758828667946
0506000 39240.960914731535 38877.15903605869 38549.42585092915 38920.02963183726 38929.21203672633 39078.406683127636
0507000 39255.53762554257 38892.89155085431 38936.00800128064 38774.898812057356 38965.25016744461 38933.04598031376
0504000 38518.592836880445 38065.45616176004 38285.35061798675 38570.836332483435 38238.027255249515 38167.878912306835
0604000 38205.61219290116 37733.01057722242 38036.08195239358 38164.020463266155 37901.53351873567 38049.67644076554
0404000 38696.18399427898 38352.60203785748 38719.62944391757 39057.79654298301 38566.465390224555 38567.187905682025
0605000 38568.2423788337 37974.771577761254 37968.802847735344 37989.4078339331 38201.842409302175 38093.75738766208
0704000 38006.253484150206 37467.77930796366 37297.520617649476 37955.236956144225 37778.49671014219 37742.039878346244
0804000 37766.81337332434 37124.68389161908 37132.94896599769 37556.780654211194 37423.238127506775 37485.93923985727
0805000 37950.28107546865 37267.80944742898 37539.36972194653 37406.53335118051 37539.45674433859 37551.095444074315
0806000 37669.78223187042 37325.89881345138 37690.19555188474 36983.161392782924 37320.05324533485 37280.712735489455
0706000 37662.74443282224 37313.75181136634 37959.78391389269 37369.15157583852 37528.98757468848 37620.29098614611
0705000 38168.81164891122 37653.80743814076 37754.40678441795 37722.03822614682 37955.26471846542 37963.95793629451
0803000 37177.98417390204 37257.52059223268 36691.57945219513 37462.623859470805 37156.86567879016 37071.65152244728
0802000 36815.37678263305 36637.864570554484 36468.04347266557 37182.64298000898 36778.85691415832 36763.398748413434
0801000 36433.71795980833 36306.02248002119 36430.88359569123 36738.7429633042 36125.296888912344 36454.48798067941
0701000 36478.19177613153 36418.144161735276 36579.07791595095 36841.98178362612 36615.97292323962 36252.980703598696
0702000 36835.35526604361 36908.57152194298 36499.753938811125 37212.81833842327 36824.77728552176 36832.05584740769
0703000 37234.42316654276 37205.76103498202 36877.19668216951 37718.96780064284 37158.457644109316 37382.71010531504
0904000 37425.92457308627 36513.06784389075 37107.74206320565 37094.55592547565 37164.6981865644 37169.28266091151
0707000 37262.80261035144 37058.15693977039 37638.59996765016 36805.07097917929 37336.88697472133 37326.07671249764
0807000 37269.180371891576 37011.78624444588 37301.34235557199 36496.70947680766 37026.13070939186 36938.52379919881
0708000 36997.81997329513 36659.63655793057 37275.69409497769 36459.88401415942 37009.177911443 36969.42598792327
0808000 36904.026810624615 36550.66883530964 36885.76934555387 36087.087663463535 36641.428946649205 36608.49095050046
0809000 36557.440280995244 35853.99976135121 36475.44506077372 35932.95369819129 36225.94238796285 36159.195244382405
0709000 36558.63125978611 36221.69214012493 36818.8513848875 36167.58989241838 36656.94148380807 36424.19008964465
0710000 36000.876509057256 35823.1400413137 36615.85996950124 36316.14325268084 36094.930678612516 36313.806918069
0810000 36304.67195104779 35743.64063073814 36214.48394619804 35861.79859330562 35915.325956804314 35883.033183203734
0909000 36167.264364992596 35471.20248792819 35936.40247006124 35389.375830343524 35939.7461879554 35806.86915852522
1009000 35712.70753674748 35145.36971764053 35054.50271716513 35306.9701794187 35422.49724534502 35394.801491641185
0910000 35974.12977586082 35292.4337629233 35896.756712752154 35564.125134887865 35389.761697266564 35497.276654825226
0905000 37528.78376134236 36860.71684188121 37203.18309573271 37259.23632127335 37141.49105224215 37047.817971285935
1005000 37087.57477258772 36508.93402368574 36892.537249805784 36750.91147301362 36825.38206153725 36838.03664759804
1010000 35651.576303858295 34821.8341862389 35354.12052545804 35328.82116818936 35255.99984007161 35384.61505563311
1109000 35445.47686248727 34740.59363229986 34899.50794176955 34981.022976625645 34970.07247774772 35083.7210534747
1108000 35093.99928111723 34759.03102532698 34516.79200819825 34973.39174803338 34875.007524450164 34828.0499839928
1107000 34785.47022467799 34545.03406568036 34416.716252942715 34790.21007176577 34488.920744819035 34449.33407353499
1110000 35253.78149021722 34756.00207535757 34926.05145585285 34936.74245081832 34937.960040745544 34893.743451780705
1008000 34980.91470564598 34827.5738480069 34744.01587693455 35255.87990487781 35003.011180627975 35083.100051869726
1007000 34696.74978587954 34514.32618876182 34716.34524695734 35074.16147022592 34724.1000092812 34661.003805273576
0307100 40864.79771012647 40791.57000158072 40848.713422414534 40488.380079955816 40542.02016255549 40593.53643545139
0407100 40640.529231626584 41254.73170656291 41123.64174899796 40856.45701850442 40986.391267184445 40996.85015438706
0207100 40704.87687229789 40460.755814966906 41252.16252732788 40416.648309318734 40675.39514569705 40900.77044554525
0306100 41295.1240922803 41145.33839883296 40868.351773772025 40622.72083630121 40906.51562743896 40914.07624033343
0106100 40952.48140528397 41211.575215774676 41101.2942213486 40705.06475872851 41023.300301734234 40984.60781925852
0107100 40657.577749706514 40892.634406418576 40978.917773542045 40409.36028578384 40785.873525124334 40681.37934175364
0105100 40862.578384012035 41390.374584862584 41093.71122627888 40990.54695739553 41135.94745616096 41001.07077235529
0208100 40296.27853529206 40549.340957652894 40861.54355137085 40199.263976280854 40558.08495103056 40440.597909473545
0108100 40391.850167233 40490.67790052659 40618.92993542605 40056.02278511582 40405.15671311778 40318.90634984889
0109100 39836.780805372306 40113.3175818974 40418.91038524656 39586.0944192075 40161.16063590053 39921.715797759796
0209100 40101.42965630623 40042.54079454575 40407.6571522952 39722.82814209379 40073.94114526807 40140.15111193992
0110100 39709.81983190589 39898.44853435802 40131.299670743916 39755.220696289005 39756.67682606464 39667.402672506425
0406100 40991.62106061049 41345.736480337095 41495.52824750859 41059.62836631637 41250.56058951365 41113.32359510324
0506100 41210.28355000998 41352.94161786595 41660.192162361425 41060.45240806741 41359.531856329464 41453.68145186864
0505100 41346.83934876447 42044.0185739039 41346.84254536864 41388.85218527732 41664.738202565866 41634.29385415346
0405100 41440.9159261054 41733.86661591681 41080.91918093334 41034.25726518551 41384.81252588856 41462.81117528716
0404100 41200.93249428189 41460.28632948256 41122.44006794227 41407.48568388692 41193.83627187221 41168.09145538386
0504100 41101.861248640336 41762.222654244855 41457.956236623744 41704.71235279691 41339.19147880426 41481.73308183659
0604100 41563.45616212778 41597.96110549912 41683.113274810275 42003.805293800586 41703.65916616082 41595.47221361097
0605100 41578.84495373097 42355.17064258177 41547.794197590076 41904.06033055107 42032.9920673923 41984.57607208465
0507100 41412.90808070923 41090.33945056968 41407.45655971663 41085.253002849124 41134.26638160341 41216.974425508626
0210100 39673.10324928415 39876.587158989874 40107.934064802525 39859.72232416909 39859.096070005304 39751.046794759124
0705100 42153.663678713536 41552.98242067364 41530.20796147374 41504.89195296383 41790.71474408319 41882.56773768615
0704100 41665.32404219932 41236.79326148117 41195.3675193266 41843.30280658564 41394.49954222413 41499.47748628883
0804100 41552.076397820274 40867.9862271555 40753.11008918219 41453.025808391736 41220.98018318589 41287.754680386905
0805100 41770.39454943479 41062.20738886097 41180.05819667288 41291.26163070001 41493.85639233539 41847.69121675677
0706100 41400.69026896237 41325.02506799821 41850.63517203074 41291.845717113625 41489.5188779728 41538.29460524394
0703100 41183.93125722748 40864.42817589786 40984.474489390304 41533.44033715685 41287.56195655736 41224.93587413242
0702100 40909.853822550795 40557.6876988239 40698.684270243175 41246.73083089923 40878.67010225919 40903.04196012205
0806100 41645.32927598593 41302.4550830215 41542.273735240604 41679.41755189631 41392.9316444535 41229.45891260153
0707100 41358.023675633594 41638.97304955987 41460.30845059757 41585.76499131808 41259.65511256331 41349.967134178565
0807100 41301.33121257409 41602.6233612199 42068.10596632836 41752.192052535225 41720.095649082075 41717.24417393161
0708100 41618.799352149945 41741.974699528764 41378.504164008016 41851.18463777618 41583.152083024586 41626.5467146294
0709100 41899.69921739806 42192.58951138529 41707.28771660086 41686.58533883139 41871.32483992045 41866.043805433736
0808100 41645.05258770364 41836.573773117125 41717.84502842853 41443.5964981 41726.69122930344 42114.55947431631
1004000 37227.367672895096 36360.77054644189 36841.54919236646 36926.55762829557 36855.21864204498 36947.10296427194
1104000 36889.36863724162 36312.88558049394 36212.69315643743 36511.19560454732 36319.83180435958 36284.15301664491
1105000 36870.4971105183 36638.14562418815 36332.040917582046 36574.92262023379 36531.932873799116 36589.03193465596
0905100 41517.16289763285 40905.848325437306 41033.141742905274 40931.23241609187 41075.50869530476 41131.84607626493
0803100 41126.69084641592 40890.74946780051 40639.69993867934 41140.57061222518 40869.66300022912 40775.843959552905
1005100 41177.17309382245 40461.59128179298 40549.85245457438 40669.51751188394 40872.62697347641 40840.32560786098
1105100 40721.96652167569 40421.414327121114 40101.38510184128 40434.0265710418 40437.86590009663 40504.37913381462
1004100 40746.64215831309 40256.72554664667 40579.882954402645 40762.794886501004 40590.73715946678 40473.3040257092
1104100 40557.706847221925 40311.55061122762 40272.567255547576 40358.00940320199 40298.80027861279 40308.92668591118
0904100 41293.53509118677 40436.757116829715 41242.79917333901 41161.77606273612 41062.849056646504 41038.40012442265
0802100 40999.706036138195 40147.6720913202 40374.64432560879 40915.64559136992 40654.723967813385 40661.17661418788
0902100 40311.62918130667 39870.36911076995 40146.22090981961 40123.02343410791 40165.91744257806 40183.38397631622
0701100 40435.56706397389 40261.93647147145 40503.498046770015 40975.64043464045 40446.65327932823 40626.76349535195
0801100 40658.50823253096 40157.94067064367 40280.733900881234 40696.17482703503 40292.08715461015 40437.740313715905
1002100 40120.70141376416 39649.344484453955 39702.28046741718 39894.90868145485 39875.39987718068 39813.343592169214
1102100 39895.03475268331 39668.35639368668 39246.495515400224 39657.30520429223 39643.841723138976 39645.676249098644
1001100 39540.455476828465 39450.1970420759 39570.52946565559 39847.23296113571 39606.81663397537 39604.67169415621
1101100 39630.323214899436 39289.95786119447 39308.20320574812 39596.517957714845 39311.45835186927 39455.04982185684
1101110 39680.01884768685 39475.74292085422 39468.07453720081 39706.70441860321 39527.04717014258 39410.84107347974
1001110 39745.89328173168 39408.846447501186 39642.111570232446 39999.687881752565 39702.00291805781 39736.79445632863
1102110 40100.104838351945 39773.93266957201 39506.39168264768 39727.197262620306 39747.39316579396 39854.459243267105
1002110 40334.84169918934 39839.78695616036 39519.909100101184 40056.465044504475 40102.893018711016 40071.204488617324
0902110 40697.927398109576 40105.2751162515 40361.46272718913 40471.38788732869 40371.12986664122 40515.357165941605
0802110 40945.8333266089 40361.23711669641 40408.229888413785 41243.94993574351 40928.56865016486 40745.593560139874
0702110 41036.52081104536 40738.726680324275 40508.094258408266 41427.26044243325 41020.928583819645 40944.39847820044
0701110 40535.479501164446 40403.3514756271 40522.74286315611 40883.04093443719 40631.645670313825 40449.267556548664
0801110 40430.026296601114 40510.41927324419 40457.319201082355 40770.55372214271 40447.35144902466 40547.63977643158
0703110 41484.49761046238 41185.70515086909 41010.839004922585 41896.13624817379 41477.8479931659 41496.96200915846
0803110 41472.89328492829 41079.324154855734 40797.79627593621 41536.92158081627 40949.48884143644 41059.81341447348
0704110 41882.86386263341 41604.34371970399 41442.84558470824 42205.630675616856 41884.67001701571 41939.357838612734
0804110 41904.91538315627 41204.06141360156 41164.12545639032 41976.514601080286 41693.1009126314 41623.51585855028
0405110 41825.04859120115 42121.327326883445 41603.15035121854 41986.528162685136 41630.32629401448 41728.87381595991
0404110 41584.092122364586 41753.977049125955 41388.083301633626 41882.74154468594 41437.75861027908 41465.592842238126
0406110 41701.369240225264 42247.932783618104 41782.51040370531 41484.0092887487 41893.70356135675 41922.052885751255
0306110 41579.94083654866 42137.42974495519 41684.61680664413 41481.2772648624 41826.45060624188 41798.188820016825
0206110 41474.880879303644 42032.985125604806 41596.611547640365 41278.194990801094 41586.09530056454 41731.50468781498
0106110 41310.940573741565 41801.999777339945 41225.24438804206 40904.47272019649 41262.076014070175 41376.76693840655
0105110 41186.321063685704 41601.28023820562 41050.960281085136 41321.274248453665 41246.09413910229 41170.29525371718
0205110 41202.87194313236 41590.17392434582 41365.49116405918 41921.32321845602 41456.09290714086 41646.053447216684
0107110 40984.73709977413 41300.73742855635 41213.54714675281 40746.968224508724 41073.397141436064 41018.64382495463
0108110 40674.909067063585 41040.0796344375 40918.571071774735 40411.63584122959 40715.899400754955 40679.42937208078
0109110 40417.94697200544 40558.15086838865 40679.797777430635 40074.14684522029 40461.85454894977 40319.39377140579
0207110 40975.17363340915 41501.63959427372 41617.88704399536 40984.179169714596 41256.9488721079 41275.52522715443
0208110 40790.810591137924 40977.18001692486 41302.4631820708 40625.8813245904 41002.56532651631 41096.22490777819
0307110 41385.28496974638 41366.22930460524 41771.020124216084 41478.14602284243 41459.51388329467 41426.235495334695
0204110 40963.617783231006 41339.54818024453 41122.639963022826 41710.99387039047 41280.37040208887 41429.50932777275
0104110 41031.644220152084 41399.86199651126 40867.677829759974 41246.712972107256 41073.46080454941 41147.52160369555
0809100 41857.99931838322 41350.29309662651 41644.543161340596 41354.53943863929 41622.269837031534 41555.85483596049
0810100 41682.65177191616 41003.96458125636 41660.79762556929 41367.08266269669 41347.28634030692 41270.44559600889
0710100 41648.06505368983 41278.275090028 41938.0502801391 41664.75877745907 41663.11458725674 41704.13920143654
0909100 41638.68247420112 41062.51631684154 41315.87848563348 40844.79053565013 41115.990932334 41357.14801498712
0910100 41320.6010586908 40716.61269178476 41344.210089009815 41028.56870338766 41023.354982099605 41062.93959709473
1009100 41361.3974846952 40534.45851955656 40429.40923728143 40620.70595480775 41047.71128780166 41068.67163558997
1109100 41011.28068536989 40646.49988349652 40236.572746095706 40278.226624820076 40519.03002160948 40530.839318789745
1108100 40446.77192814644 40300.013579498656 39813.59271406112 40524.784595523546 40249.58758406675 40106.67620652732
1008100 40594.55036718598 40208.61424137285 40238.64125317929 40978.23216510646 40680.282728991326 40659.187563786996
0705110 42151.84862974638 41871.922979476294 41982.1780617156 42691.50534007122 42234.15815027417 42317.463399621505
0605110 42125.97226128113 42585.32101000034 41981.14185258984 42200.12144171837 42133.300941291935 42247.85593831899
0604110 41733.85503619944 41782.15391567569 41985.15976742734 42298.56551404452 41746.71419548019 41949.670879354584
0706110 42512.49486214896 42068.52613238005 42283.056509511305 42782.28847201008 42543.62228988698 42396.67381662834
0505110 41851.68184097258 42461.27352709327 41777.15034570024 42032.57322814542 42255.7159044449 42146.02949319186
0209110 40410.04747384641 40529.2502937737 41004.96050657165 40368.162767524154 40760.912802425824 40655.73018179421
0407110 41462.18666597891 41697.92087555974 41815.34319755043 41614.12511435327 41445.00434074565 41563.40556382548
0507110 41506.20569924095 41716.08081544205 42083.75450875569 41667.19209631076 41742.5295204232 41716.65810735856
0506110 41945.42511584909 41928.15033476461 42351.30405497595 41777.08355253932 42018.28408774179 41996.27074551599
0504110 41508.08996306976 41757.43526431578 41801.858282877634 42140.60396799982 41753.82117810173 41803.815868941085
0904110 41565.649638857416 40776.321642712646 41129.67620564419 41510.02919961027 41221.47410403641 41145.025372886186
1004110 41155.711689163094 40477.254470247615 40859.625477905895 41060.931709247445 40890.09835334979 40821.80851557065
1104110 40896.06059848599 40604.805819962145 40599.80842107257 40760.75195624097 40491.20645784433 40573.17917901695
1105110 41053.862742129 40825.498792998544 40685.570412801484 40721.164182272296 40707.58355696473 40714.3953804792
1005110 41348.02642762424 40766.66156216338 40878.532875661076 41107.688791495886 41060.931699840316 41083.008956549296
0905110 41802.45159552431 41149.38954511998 41170.09282964858 41305.822674273164 41542.774961736024 41478.233606111506
0805110 42291.39566063518 41475.96082620111 41538.8636852482 42012.431480033556 41896.67894127043 41865.14860564635
0806110 42414.58216757202 42064.979588964314 41935.75570251886 42292.66678610849 42117.14948956111 41964.78953679721
0707110 42526.12244731191 42105.118252608736 42351.78634874176 42884.74969487229 42517.85505732268 42540.67736566597
0708110 42702.80561843219 41994.4265715573 42493.25269397184 42977.99152030321 42669.36948971762 42635.74488784352
0807110 42529.880513195894 42165.50346859901 42106.20686457021 42146.3689032129 42041.330621451765 41959.916583425336
0808110 42470.218023006644 42098.825698586545 42153.97862820429 42378.7580254012 42032.094336600145 42206.41632513301
0302110 40833.76483472002 39973.02058899308 40139.321986696705 40509.242996786255 40416.261774791514 40337.98328375184
0301110 40442.314292404255 39603.87388872999 40139.75520856879 40429.0916138094 40179.40561959905 40160.593243676434
0401110 40051.94579612189 39490.51221694579 39846.891244738654 40253.17830807074 39734.08061254102 39767.82261141648
0402110 40508.657310535076 39809.01236269968 39848.08965307112 40351.616797975825 40231.892010343865 40277.13589879122
0502110 40167.57198392922 39666.80614771089 39465.41493313615 39860.49508596578 39732.09704925112 39626.678912102296
0501110 39925.7228127072 39404.93043031451 39394.693928094195 39672.063296451255 39446.972453763025 39213.771918624814
0202110 40591.26088620668 40383.1360944286 40331.829977265494 41134.92496229769 40758.42477062978 40843.07892127621
0201110 40325.93882223824 40059.31504112204 40433.43308331348 40763.03511093179 40384.117891999325 40318.15898504275
0101110 40252.31649370393 40475.09932769843 40267.64657907718 40537.776638920564 40258.83681237005 40289.56822209669
0102110 40490.010008252844 40817.16996313004 40329.95698067443 40864.328845744516 40599.65055051911 40493.65608171948
0203110 40864.374924656055 41063.79850366324 40595.98705588903 41465.45989007299 41211.174551718716 41083.07730180079
0103110 40831.740319757344 41165.91581099726 40542.77897514101 41086.752001000896 40767.341982214944 40864.53905372703
0809110 42704.62328652877 41956.30274979766 42173.40487079262 41941.697919285434 42290.47209531144 42218.6673586686
0110110 40003.40069039518 40311.12994791139 40374.803990006454 40055.31898601459 40013.1679139216 40043.44988442723
0210110 40053.585191395854 40342.17481315531 40696.1394784758 40269.128967974684 40266.887738982616 40293.155113862245
1010100 40962.88739975976 40203.14999183565 40830.54215143227 40645.31216727237 40636.44329399832 40726.85227423361
1110100 40530.2200518067 40319.45954344339 40501.19965748594 40289.77458884755 40171.43276735627 40378.77110693032
0909110 42399.871911044225 41655.34645332718 42025.01867940648 41641.50139885534 41935.23508791248 41843.3105305779
0910110 42016.24282718575 41306.70122356748 41813.23205658557 41602.24975800301 41619.62579791037 41663.27761587612
0810110 42276.47227809722 41681.054245587526 42167.08683913132 41949.95845808234 41863.55257351601 41840.468641162995
0709110 43081.024574473675 42360.68618954204 42606.702101257804 42294.237737589785 42708.55325499153 42827.42677646979
0710110 42278.16826528456 41945.22433457644 42585.207902599475 42211.16304693277 42260.271225631775 42286.11859369326
0609110 43188.98752777609 42567.423629408404 42813.38754806445 42861.83368118067 42629.409518346045 42849.24101254439
0509110 43301.095592272075 42845.49426846691 42709.92356352847 42903.0302536847 42883.398187642204 42932.5117007347
0409110 43043.54600233378 42905.5982627563 43006.34852853902 43394.94378152502 43070.76377027031 43063.71980991722
0410110 43267.47036302057 42864.924833766614 43038.676019027436 43130.39280001095 43489.967696217136 43209.64443531809
0410111 43294.41196183054 99.99999999999994 43596.44161794075 43375.519054981094 43484.033790566806 43352.89281927299
1107100 40317.026393652464 39817.77012731293 40009.95090608217 40209.665306521936 39819.20159840703 39887.30143056841
1007100 40209.671985582965 39732.22074185513 40238.52905252894 40738.11889555753 40214.01083231467 40211.70876491926
0510110 43139.139353169805 42857.514218276614 42860.79633766493 42768.648566823955 42913.11629168038 42614.07488409111
0409111 0 0 0 43592.920999090864 0 0
1009110 41992.89502938303 41090.38072716741 41400.431011871406 41418.86037063413 41627.96050523492 41680.834491901
1109110 41405.80149767908 41020.83596319538 40909.026963294265 40996.8986259836 40915.871273280674 41063.5385144495
1108110 41136.01085758745 40822.034001027525 40554.85563729004 41115.546973274235 40840.51960424687 40878.144875535574
1110110 41475.04809866493 40996.70921870304 41057.4321606088 41132.32887408077 41111.78364324367 40982.939197958396
1010110 41762.72871907249 41017.51732232219 41690.734080853275 41427.49392195183 41341.60051727382 41470.279038495566
0205111 0 64938.00492400835 0 0 0 0
0710111 0 0 99.99999999999994 0 0 0
0709111 0 0 0 0 0 0
1008110 41255.20841738797 40909.811268206824 40878.272813638076 41660.08835804876 41300.7133356175 41307.752453310604
1107110 40773.425265318154 40593.80948771036 40429.51424634293 40927.06140297458 40625.64765165565 40669.79333515102
1007110 40776.51988166965 40440.457898823006 40790.12464200046 41110.39121064389 40703.9698777191 40753.02366933577
0708111 47174.19372549808 0 0 0 47158.77232800824 0
0802111 0 0 0 55982.86541280163 56000.643707555995 0
0306111 0 0 58959.48662681222 59038.37513530089 0 0
0307111 0 0 0 0 59075.63884438576 0
0402111 0 0 99.99999999999994 0 0 0
0401111 0 0 0 0 0 0
0405111 62743.708954366535 0 0 0 0 0
0707111 61439.72745428946 0 0 0 0 0
0110111 0 0 99.99999999999994 0 0 0
0109111 0 0 0 0 0 0
1009111 99.99999999999994 0 0 0 0 0
0909111 0 0 0 0 0 0
0605111 48598.277868328936 0 0 0 48583.76013209228 0
0505111 0 48605.63530890731 0 0 0 0
0201111 99.99999999999994 0 0 0 0 0
0101111 0 0 0 0 0 0
0106111 0 0 0 0 58705.63859014329 0
0803111 0 0 0 0 56073.004917530976 0
0510111 0 0 0 0 0 0
0704111 0 0 99.99999999999994 0 0 0
0703111 0 0 0 0 0 0
0206111 58715.75020952273 0 0 0 0 0
1108111 0 54471.8487528006 0 0 0 0
0808111 0 0 0 0 51043.38618155735 0
1105111 0 50694.539841850084 0 0 0 0
0809111 99.99999999999994 0 0 0 0 0
0604111 99.99999999999994 0 0 0 0 0
0504111 0 0 0 0 0 0
---
agent1
actions UP DOWN LEFT RIGHT PRESS NOTHING
1107000 55973.61291903768 56000.940013891115 55948.67213484157 56232.121223451955 56002.57978240209 55861.639135184916
1108000 56327.04464634535 56099.97329987642 56038.511220223605 55971.64595215107 56061.13804400361 56045.94806217454
1008000 56208.015035100965 56103.25269689103 55824.34733906886 56416.86753810347 56205.51292052486 56130.79297881557
1009000 56512.24892524621 55888.18945816858 56229.89308627523 56021.95589783328 56262.99956949452 56100.169197450785
1010000 55942.52877877176 55781.59380423357 56293.16680293107 56032.159939423385 56037.09370415483 56071.852818832485
0910000 56128.472013279665 55887.14305408725 56336.273048181385 56080.13327194104 56080.357522741884 56026.684423150204
1007000 55934.783764554464 55984.94904696396 55936.100337286436 56217.72507843372 55942.579906934894 55843.36707734099
1109000 56256.40310472814 55915.99914495003 55883.698902459146 55695.71169981977 55833.48632874728 55977.02909892675
0909000 56610.260707442954 56299.79081358406 56396.52290998047 56070.757876507 56322.1400781283 56380.83305008049
1110000 55977.84594995957 55720.96978231186 55926.179815231466 55677.499482002095 55645.61916198625 55560.60401114483
0809000 56193.44370227374 56293.34927573096 56708.61397065913 56111.04248958688 56454.57140610935 56385.876351581006
0808000 55855.349821653144 56558.151526486916 56804.53396641944 56070.28737821598 56551.852976398135 56604.54787178389
0807000 56450.052090201636 56638.728140499 56901.86076900467 56607.895190073556 56569.51207741894 56648.10162795997
0806000 56244.78255204244 56748.889820817574 57012.46778997645 56565.06664971512 56713.04183756268 56754.18668643924
0805000 56459.34369220889 56504.61739682033 57119.73199314137 56802.90966167977 56817.496167069316 56787.07214872376
0804000 56667.59140643805 56728.20133786348 57227.04726921484 56769.46306906659 56985.27604129959 56821.225740271824
0803000 56899.68038279662 56964.80851182923 56843.4733022299 56947.3643565591 57093.394966853026 57177.65067609
0802000 56491.39667940876 56738.555331519965 56909.82216207746 57061.23299613687 56761.72386604221 56770.48020445352
0703000 56761.857940552625 57077.84519718334 56523.51831835878 56642.91916135311 56879.961122804336 56805.52827400148
0702000 56558.76684594923 56666.580100301886 56633.00903389748 56774.704345262704 56492.142670165085 56439.72577435468
0801000 56645.6192384079 56514.81696657717 56550.22181273448 56713.46500214499 56496.67056635086 56550.163045685906
0701000 56721.29726724406 56926.65343292976 56638.91115086971 56442.754191128945 56723.5142296962 56745.5212916606
0704000 56393.193413405985 56953.7686605407 56894.82708327423 56409.20817489856 56687.24697194417 56676.008445480824
0904000 56966.854837592546 56384.58631503518 56641.35450897381 56505.409216152395 56732.29129442441 56669.83869945745
1004000 56628.87571875572 56065.51449172608 56272.705310703524 56145.72853152901 56322.82048014829 56322.306465468544
1005000 56563.969817089885 55796.59702929991 56333.83525130278 56164.030837144666 56288.40747899517 56243.56080229719
0905000 56839.569862027056 56297.572822401475 56666.403962074386 56442.35984589537 56612.209423053006 56583.292653666635
0706000 56255.486897732015 56515.892030319956 56453.00539389582 56387.47702693996 56289.10244404596 56225.96330874614
0705000 56124.1580310395 56725.80972267182 56629.78670672527 56144.00451174913 56467.37245639489 56483.138928466324
0707000 56402.19700981621 56706.34524448874 56316.42540696978 55822.11226743732 56395.40524449924 56334.83602768549
0708000 55908.473218471074 55950.747139702406 56021.24050512758 56183.46455817294 56012.36735290173 55967.717315141825
0709000 56165.388811403056 56445.480350613805 55936.08610073875 54861.21209770425 56205.71085180007 56179.0258384418
0710000 55939.09594411395 56201.15432395932 56181.144227509314 55937.18270696096 55817.05580821997 55878.05554464048
0810000 55990.58877635858 56072.86669466988 56493.91083468861 56127.32644099975 56250.321633855674 56237.53618140049
1104000 56340.448540208854 56018.36137183406 56078.02650432529 55890.8299044411 56110.5365422728 56075.049447572674
1105000 56192.300331478094 55809.462247903815 56043.52870160995 55843.92532123596 55830.69150011381 55752.11763625314
1007100 53794.90177705101 53360.61643514788 53830.20012703962 54369.1781338828 53783.94201371964 53604.981411981025
1107100 53518.13256909093 53059.3137231215 53446.73830401799 53906.63894226329 53101.33755732118 53175.03418737521
1108100 54379.295958286224 53894.65228114784 53105.30280114378 54438.40245086956 53753.34638231651 54064.678155274334
1008100 54441.51647162617 53863.86142146929 53563.39455466164 54943.46251629105 54475.94205304253 54522.30067873218
1009100 55257.05100386862 54076.93907603824 54642.85781624488 54569.53120149312 54895.836409500385 54829.742909306224
1010100 54956.251954561376 54159.83431230699 54774.78987278622 54427.579873438845 54432.17566819117 54653.36274417452
0910100 55198.89243938843 54548.22227850886 55339.535085608855 54959.31194129445 54973.5307008144 54575.64017831834
0810100 54871.39700574309 54873.33007271791 55612.714243671646 55183.8536756853 55325.142000977954 55280.48134892785
0710100 54799.88052285552 55303.612058076644 55301.86276445408 54707.59320714907 54933.53058073722 54785.977768335084
0709100 55268.463455425284 55636.42909051539 55608.87997777367 54921.518275575225 55246.26707025906 55302.97404950978
0809100 55348.762921505215 55181.307587652314 55906.55870287773 55206.86695091468 55636.7573000162 55611.99511798555
0909100 55644.01898508872 54712.64311148825 55365.98519531367 54843.1721159025 55298.889609744736 55214.60692176663
0708100 55610.222531150284 56000.35412168194 55956.88563086373 55352.750727584695 55610.911296255865 55635.898951812815
0808100 55511.32695328295 55998.88504095468 56284.478687283765 55567.24401497566 55910.72607259765 55927.90406791453
0807100 56071.51373802018 56206.8748564371 56531.22417115042 55976.70204741438 56342.326897543826 56290.01080084936
0707100 56011.61869899769 56268.623685868406 56276.668479428816 55658.316954473645 55971.24528473155 56044.08928168932
0706100 56204.59486994126 56492.27987440476 56387.18157541831 56092.69922153829 56158.54690373644 56178.095427064785
0705100 56212.34234049004 56652.15936731953 56624.51093197089 56215.9025564672 56467.95067542075 56482.82736355129
0704100 56451.534393276954 57001.87830637884 56829.540208350176 56436.316462530274 56750.51508140474 56522.17956785679
0604100 56063.001290353684 56725.78182486545 56434.465521646984 56211.5801909717 56407.73456090215 56464.333796409715
0605100 55838.32874941079 56405.240942650285 56376.404013296604 56214.435035945804 56210.15761398187 56213.25865681091
0504100 55776.012750669324 56386.44524760919 56169.82930682027 55942.83499598887 55970.00779652348 56115.72311549823
0404100 55687.50436862559 56074.42531267664 55688.30998220859 55644.29833519536 55710.967646386256 55797.01290619572
0805100 56478.49158490589 56516.0173364472 57014.59967391368 56409.237256658234 56688.93247852397 56668.05502251302
0505100 55694.558236705336 56183.56643638328 55962.15072062236 55672.272999681125 55908.286600827974 55910.79330150449
0806100 56195.148829173064 56510.650257922876 56783.50697448946 56249.87075334886 56539.79682395417 56517.23762287475
1110100 54585.42579072296 54080.64229693346 54299.671861715186 54147.41921580546 54216.74408284397 54235.873839940505
1109100 54785.859475228375 54324.35675992614 53798.52129042554 54284.04361734086 54286.614270256694 54296.138264224566
0605000 55927.06657380702 56504.74176379293 56395.76906100748 56250.70870378938 56229.928307810485 56162.715410476834
0604000 56093.93037015288 56639.89724417482 56405.54324947386 56163.04267891861 56394.4655519021 56438.072745399804
0505000 55633.3528266605 56225.29078419023 56141.70461024259 55423.115847072804 55748.80651155346 55899.27191806199
0405000 55672.87434229088 55958.670522971195 55959.99656809328 55381.491078117964 55572.352138595306 55564.00940812043
0406000 54697.16527586637 55423.01409317195 55700.436999719925 54875.46370118055 55289.798523915204 55361.65824762432
0306000 54202.71204698996 55278.81326858235 54851.92593716522 54509.795430192404 54458.720764833466 54647.42283790997
0206000 53680.88430784978 54812.41468586746 53720.02281150294 54029.05964285379 54304.33515596504 54283.35655903569
0407000 54185.55759863227 55056.093422845166 55263.0119071967 54951.547597336 54968.593928764385 54844.747350693695
0507000 55001.51168623554 54949.814005199885 55335.614748493965 54994.10186558405 55020.24683416924 54955.918272037656
0307000 53935.75945283169 54832.60348766692 54769.94750622166 54320.83925345714 54634.643255437455 54566.67396143481
0207000 53136.797076227755 54399.66522914718 54307.271107293 53002.49985690491 53772.87100210384 53846.27929591075
0107000 53266.623700707416 53833.22851572027 53800.53405058483 52374.42679439515 53145.68177817114 53177.88600703507
0108000 52531.45042279736 53168.25416109577 53245.874922922565 51827.56262402849 52750.30404781067 52472.044090588795
0109000 51935.65433232522 52454.23550255462 52640.299186177996 51053.10530644744 51869.155621862876 51846.107620647774
0110000 51222.7794388726 51555.32060517328 52006.08000863435 51024.34795281877 50927.49740086497 51289.19736042168
0210000 50827.98064015624 51499.03372003237 52466.77002615026 50984.99164874568 50724.31503312425 51468.22028686472
0209000 51834.965693967126 52015.265943824656 53320.899728231474 51787.419345095244 52415.96368254282 52513.43589934395
0208000 52133.795670508036 53288.48360027311 53694.20572835031 52455.150832450716 52788.08907301567 53258.70540362822
0106000 53906.54633858123 54297.691713897344 53220.26060643332 53405.41158044268 53935.08412762349 53910.12162740395
0205000 52884.70821736173 53886.79043644223 53526.81755874217 54332.63593461551 54018.80332214054 53926.71502620616
0105000 53065.10018607084 53739.81624878517 52557.5286425217 53695.48684057469 52685.94784830463 53272.58947897931
0104000 52727.09787233998 53306.33518403841 51887.151052395464 53157.94221927178 52473.04558338978 52559.9641025509
0103000 51821.620583831915 52648.20720752518 50844.61135228037 52752.344724910006 52001.39851320843 51432.5340083574
0203000 51462.299060991696 52408.51935723271 51923.11291504447 53482.76648377378 52455.3205086908 52412.7960824224
0204000 52495.5065086086 53576.624577920484 52603.50126599672 54160.35597764052 53576.26169386422 53036.970619274885
0102000 50561.280650717454 51640.33666573857 49808.135989143986 52151.299687443796 51068.555477880465 50926.70150710887
0101000 49668.31774910743 50451.71123370514 49402.588918425994 50758.999303822515 49805.928245446536 49904.2091605777
0201000 50075.113292317415 49921.55868712469 50747.01910941898 51937.17367892062 51121.9169828326 51019.490277220226
0202000 50863.389686303 51068.06591267328 50875.50818047202 52853.588508972265 51783.25727425616 51767.21698764473
0301000 50718.425718455175 48763.43749985418 49736.88834043039 50992.36468451 49696.98055643782 50025.87460443555
0302000 51995.100448599536 49506.12044920045 50199.96642979224 50695.97890372422 50713.934074060264 51114.89716830616
0402000 50617.99777552003 48541.44131555209 48840.91840726619 49609.200084185606 49447.05484840434 49358.88294257428
0502000 49863.429580313496 48637.78647898085 47810.392566985305 48649.24843744947 48523.51335651378 48553.63546715631
0501000 48943.47354609408 47833.853745023094 47773.65268873641 48261.51535108472 48174.286402366735 47572.855739623046
0401000 50027.74188932171 48020.298088229756 49145.4540712281 49450.73106421264 48827.320756182344 48941.12069168132
0401100 49658.69340929924 47920.38785445198 49053.85781912171 50151.73231540397 48724.54965616405 49009.620877982714
0501100 49153.9264331084 47882.30254060407 48292.46870420118 48631.21926838204 48423.81190375752 47889.34447357217
0402100 51098.20410225886 48603.41167187109 48690.7243068176 50369.51760975554 49965.37483746158 50208.67991169302
0302100 51910.09994584671 50116.75057466754 49811.15873946989 51017.78804204026 50330.66398550764 50408.673682973465
0301100 50649.9303554822 49000.3117864174 49602.69827463284 50610.533760347505 49813.817200567115 49674.59444288659
0201100 50046.94697165601 49694.214087534565 50600.29033334358 51719.010776526804 50706.18936063587 50772.84460973549
0101100 50304.92100319381 50864.91507835541 49383.88788655738 51110.294685064044 49885.021715397685 50322.71542587007
0102100 50458.675505605475 51363.00028291688 50065.332525878504 51755.4020204911 51069.40643226714 50896.32366696671
0103100 51668.89976940512 52438.18788744924 50951.66956524428 52726.060655712055 51846.97429411818 51506.030813565274
0202100 51124.946775133154 50832.23429094802 50681.88336152753 52759.20699078203 51674.1984677309 51683.880746768635
0502100 49980.18268985637 49200.66461541608 48096.23447112342 48430.13973693151 48912.601935415056 49224.36873383487
0203100 51367.024983333176 52508.295226682945 51993.57134855752 53282.94027575562 52287.20216916199 52110.77507449
0104100 52406.35368336896 53277.300025209755 51762.823988652686 53111.69533653512 52539.138403685436 52485.484465336085
0105100 53309.40099559459 54026.167718668825 52495.23001852964 53819.23202449527 53423.76852844073 53187.03949159376
0204100 51881.544233510285 52880.86308805848 52436.428348568596 53908.17376019881 53340.4712218087 53161.19649452546
0205100 53447.22825644729 53863.67851147366 52528.563108633294 54620.026896419826 53767.863204619905 54169.828193568035
0106100 53954.86312234728 54584.35101402858 53083.243875623666 53464.30433787806 53951.83772647756 53546.835814023645
0107100 53453.33083527867 54405.9202758294 53812.57010755044 52572.486871479414 53167.115233935496 52797.10788226107
0108100 52448.53924178183 53564.02222830846 53512.380459391934 51274.928736426846 52952.83733398914 52219.04426859058
0109100 51599.528586495646 52513.01692638303 52490.93004032996 51216.593958069745 51320.73085926706 51210.53691192809
0110100 50739.16342029283 51508.00601575604 51673.6760607845 50858.89213841809 50816.20884554172 50934.57909940492
0209100 51486.102028951274 52539.4026223681 53521.414783350476 51044.66909103374 52496.09391670819 52663.94893482812
0208100 52404.673818387564 53671.84591208615 54190.27716704519 52400.0497925409 53430.67809146865 52946.3999088963
0504000 55913.787594402704 56271.53472396761 56153.556126439 55808.29479674566 56054.80818087611 56084.613531144525
0404000 55846.29557970002 56123.839113474154 55832.62962021501 55682.291477538594 55837.81446585189 55820.61436858655
1105100 55994.444989303294 55769.22876256553 56004.18081912728 55834.999083955896 55750.157352814065 55823.53574593392
1104100 56363.618325312505 55995.88541946169 55999.04744319552 55743.69863153455 55966.00970814075 55985.9055091861
1004100 56616.26059803184 56073.192080334644 56466.98736658622 56240.4929120799 56405.046386304006 56384.00449181855
0904100 56892.911095421216 56428.77668848457 56635.51348226609 56423.14135884306 56688.36933719878 56689.21040189567
0804100 56707.305617310005 56691.08697267318 57210.66703578913 56665.358779355935 56889.1535276395 56916.880769529496
0905100 56727.09413490186 56176.57024564763 56709.04347709593 56458.294327069765 56458.67032710399 56432.32513300328
0803100 56845.17570539964 57047.569654329425 57340.33635278278 56880.98314142691 57115.49111736914 57127.96649838517
0405100 55631.18090060514 55881.760469160676 55739.02857592405 55336.39044698425 55650.13594390325 55659.12204819647
0406100 55016.06367306015 55630.92414513943 55646.02818026255 54934.54478231298 55270.305229003345 55331.039758681196
0506100 55376.58318051697 55677.0277453828 55981.84908511808 55335.08261007325 55641.94012907493 55683.871036677665
0507100 55037.11291701777 55248.40677330285 55629.70922250403 55253.43038572915 55194.84793844941 55313.08726784019
0407100 54629.627051699295 55298.05657678395 55387.394649443784 55179.64465405887 55052.154767136286 55132.95845232022
0307100 53699.14083018182 55138.31016544592 55015.28372991521 54613.07169073967 54685.408105256894 54608.86348684985
0207100 53521.586625596814 54747.47054472483 54679.4610611031 53200.39573049308 54178.83288158388 54070.70338079346
0210100 51157.878060243325 51723.96477961621 52577.674529244825 51811.47422554137 51747.91638119902 51729.66841643315
0206100 53544.61485959461 55077.14261666333 54217.16937704701 54127.97080030474 54736.2870734661 54694.10711999204
0306100 54672.06444009582 55386.35958381614 55088.9658548317 54649.767795969405 54848.17596569382 55089.43445693831
0104110 55331.51748210808 55767.97321313886 54937.99331735813 55705.16149948203 55189.224304981646 55247.76450314285
0204110 55484.47111874626 55893.11019181768 55446.23063471133 56105.603704218614 55710.12989600193 55809.26126775598
0203110 54877.094942028074 55365.587320869425 55005.61067135646 55791.65048577294 55296.80599001882 55226.183493022996
0103110 54869.72035389469 55352.82806517056 54236.63482460713 55286.964435525806 55105.80461040343 55093.64900489716
0102110 54364.85383788608 54966.28309828025 53675.55700705083 54881.28660417687 54370.695913542884 54132.08595122577
0101110 53815.01642834273 54361.45068605511 54025.00072915035 54222.288697934906 53859.01608623561 53736.29240958475
0201110 53461.620874229324 53934.92552757524 54685.93303674944 55106.744718910435 54531.84187206884 54549.18857959918
0301110 54642.366365005415 53135.59849394934 53882.362545762204 54362.03063123134 53515.2866077638 53810.878821514285
0401110 53701.96714731464 52362.013134432076 53115.913378304205 53764.50485337909 53275.26535833979 53311.45350845726
0501110 53294.479888015936 52207.79573455052 52221.629517123416 53041.3586555893 52505.29829204887 52501.4935677353
0502110 54017.91057594273 53362.238032831396 52171.77239150551 53182.59002083918 53460.334131990654 53470.75033282381
0402110 54520.203528810845 53159.774821913474 52725.850558251164 53949.70387798922 54049.22495387878 53870.2854012039
0302110 55039.965841922196 53989.64049332157 53617.52110003057 54474.30018766802 54167.43606419079 54399.71159077162
0202110 54452.5739317089 54533.942562157856 54118.00942853768 55428.40379397999 55049.28608439321 55055.549857124744
0703100 56775.72438824309 57009.66145857792 56896.71842864466 56677.56285688652 56753.58492550985 56678.04858213134
0802100 56917.23106426633 57434.414291952206 56906.263869849005 57134.53534211649 57093.05542174203 57185.157872374155
0801100 56662.18371990762 56879.85538592989 56922.29734905565 57160.68888196309 56853.37161391638 56874.26006386251
0701100 56671.39284310973 56842.54893130213 56709.52351432025 56920.46176172697 56710.393507726156 56675.54756971383
0702100 56899.578267942015 57165.269630455055 56637.639309474835 56870.44204031185 56940.05309366118 56896.872578115726
0902100 57169.11902254503 57523.949894809455 57293.79803820303 57217.0100716327 57315.03290322633 57280.50676708125
1002100 57320.739506202604 57350.582493247144 57610.7371212968 57377.309200800366 57388.7432474837 57377.37339149284
1001100 57508.028887339075 57693.68193282482 57433.403539209765 57370.31759641708 57416.28031381515 57419.33545826336
1102100 57364.21401562187 57290.4863169347 57587.806780327206 57289.98682464992 57298.46098837267 57334.41652260785
1101100 57444.626556163654 57554.747019813614 57572.89008632055 57375.3362834893 57769.161743020246 57550.64548415049
1101110 57849.05518829741 57640.69847566819 57702.96360289823 57561.82465203828 57655.357740643165 57626.190712715565
1001110 57730.021438066215 57681.09560838339 57755.571667057826 57926.93440019173 57756.64759975241 57744.417333966165
1002110 58003.975136026915 57615.231332048534 57729.305162668286 57764.230542098434 57850.54751807287 57785.904798737116
1102110 57801.90516032599 57592.97441561016 57625.23391862026 57589.46742348938 57587.97724350611 57535.76656328418
0902110 58081.05502388382 57819.51914857075 57909.93992950264 57788.51923446171 57881.80897061326 57919.84628355519
0802110 57751.92308906095 57959.566286589274 57831.36307577025 58164.174278098675 57989.51227486194 57905.763737028305
0801110 57508.691310515795 57843.325945722274 57794.0936876115 58005.87549126872 57856.73311375774 57844.3787886108
0803110 57761.5574839253 58025.074332450844 57979.449813637824 58253.33407679339 58044.962955428666 58025.02895659249
0804110 57942.112026477036 57946.494281443236 58072.99623838496 58341.76919987537 58105.57982804604 58182.66952554956
0805110 58060.328740620345 58045.43166259648 58098.31257815963 58441.08515418039 58303.384271361865 58209.80346716565
0904110 58119.634077752286 57612.37220417452 57942.23064888291 58068.85355954095 57937.04145466425 57877.8339418676
1004110 57895.37586140081 57382.573095089436 57632.09033289824 57738.562207977324 57709.622339265596 57644.66000905612
1104110 57567.9022771499 57333.50160511429 57326.78694994464 57525.49371844576 57284.69913199349 57269.59341614205
1105110 57778.6486870926 57462.96539921753 57352.820025953784 57465.04193847912 57546.16284896897 57574.467660579474
1005110 58064.38177303901 57532.504678010795 57709.941238816195 57716.94049835395 57738.7119159579 57752.583105670994
0905110 58262.05552028709 57799.033913724445 57956.92902931494 58075.30887795119 58046.36845702044 58057.042728466215
0806110 58110.98501036369 58311.50860282093 58175.74990363833 58532.91805145231 58321.81334475381 58266.36319903031
0706110 58225.64633561849 58313.74253571621 58011.76873632593 58422.251157268394 58173.99852471527 58237.499752817246
0707110 58379.98231800878 58641.86270710578 58182.47493531887 58543.159666611245 58231.9966004048 58491.216329956565
0807110 58394.56500812994 58411.6402712889 58297.607520904654 58626.54035628302 58427.61953162396 58386.932002343536
0808110 58727.851659550826 58444.629369953844 58430.35461977427 58320.50673263096 58378.47018370843 58517.06440795154
0708110 58562.73685009046 58492.746554967955 58458.99971745979 58819.92722200204 58599.504824327494 58573.613256521814
0709110 58917.30250597402 58477.57188041826 58540.49515639125 32812.55046385548 58627.26934905137 58871.09407058712
0609110 58635.41340526522 58631.47439577796 59021.182982112776 58875.98003091101 58833.41927222966 58843.87833682005
0509110 58231.31263804569 58741.58277120829 58544.59168184061 33067.33893962506 58512.39117264375 58568.758520925425
0409110 58269.03119362863 58497.36531258937 58263.70273760941 58130.08846809672 58274.54094236269 58304.90959689532
0410110 58031.045972509164 58366.43454062524 36284.17385423544 58103.63513274408 35932.16681643606 58012.911150380765
0506000 55209.038246596065 55515.82722866159 55808.49052196568 54989.85544630592 55476.47713962327 55500.10701054641
1005100 56456.053515283354 55780.55301312736 56369.50710049732 56173.94282161641 56155.839341634775 56144.203857754954
0705110 57766.15293862175 58253.22562467125 57871.96395572717 58196.15353343152 58081.14619954854 58014.488177311265
0205110 55765.6131100814 56127.73949770154 55489.22818532087 56474.52605302073 56045.04109570601 56126.68454166004
0105110 55547.62030887586 56143.78858814882 55354.14101791379 56145.10161145336 55880.87347304636 55791.23023057071
0106110 56079.053750247185 56479.91600083406 55612.24298179882 55726.063472775044 56058.06246706882 56190.19204949644
0107110 55714.999792286704 55932.76871505701 55992.57705031873 55551.76591997387 55588.08799505002 55773.168079575815
0207110 55611.161143993784 56588.75035550812 56523.75195990071 55757.74683652952 56166.25853363859 56116.18270676026
0307110 56170.68291700997 56780.88027567719 56689.33961462778 56449.50704273035 56403.1084467054 56356.08199174632
0206110 56104.09922194126 56718.61583256716 56161.10292202806 56320.672360594996 56503.72348374993 56419.17926977022
0306110 56311.3988310309 57015.68232649403 56700.3424356258 56439.522910976906 56643.2430381063 56761.4945721755
0208110 55326.0402040758 55950.94491095836 56271.94913697207 54542.210260191794 55875.12451241056 55920.94002399099
0108110 55627.03629273994 56018.54433093025 18572.887307057972 54971.12658031566 55613.6702856662 55504.1922920173
0109110 54901.265839554966 54550.507052550645 55127.150100488056 54264.811041690744 54839.27393429142 54870.57677869937
0209110 54909.54362412519 54402.2383323472 42863.282602777006 53842.34529958911 54536.83198477728 54422.37195644771
0210110 54275.027442773775 53740.757267974506 54377.897235349 53843.10444007739 53560.95099764982 53649.02156624973
0110110 53928.370336477295 53547.728569450395 54769.84115870347 53826.01031430108 54160.883900951085 54377.44461645144
0406110 56839.529058159824 57226.38998506585 57263.50622464377 56645.17780840743 56928.25661619092 56907.24796108817
0506110 57009.12112195451 57215.14124299291 57419.26374011121 56953.87039312763 57206.667286463984 57255.137932168
0505110 57232.768613868655 57792.86098754478 57333.53001817365 54994.38228061042 57520.96900595865 57542.43366659853
0405110 57178.206193386075 57504.024184403585 57252.223342720514 56855.476859683346 57206.4167908659 57177.82756075538
0404110 57155.54140445778 57437.74944707893 57219.371051889684 57254.81850567538 57273.51557861253 57229.64744395457
0504110 57230.825098149864 57597.566489164456 57342.084547790204 57483.7859959755 57420.27749103543 57412.55474882838
0605110 57465.728091299716 58043.678289702344 57683.36189327222 57816.160535998715 57789.040632770266 57710.81717687135
0507110 56772.07118469592 56961.50698563874 57116.47889359572 56946.85430851126 56984.506992594106 53781.23812237586
0407110 56409.03814859236 56945.61883351545 57000.95049533771 56709.310270231304 56617.24205348702 56731.79323692939
0604110 57434.08387427756 57901.74256982755 57691.77954734238 57775.21842298489 57674.64211557139 57617.50542414924
0704110 57645.58151746939 58164.15280723113 57835.657719131006 58011.7970931859 57923.978402023735 57886.35526552405
0701110 57527.76138645775 57770.64395245346 57490.299680796255 57745.18168219722 57435.844509259994 57475.166926918406
0702110 57728.26889347585 58008.2142307176 57497.26020185918 57837.340894283494 57801.23339098902 57768.64802640259
0703110 57782.131170437 58028.95150226177 57797.80709679873 57948.32549725318 57759.78469045994 57740.350447573284
0703111 57089.69362639076 0 56864.43872712195 57603.81841596526 57320.94618959793 57109.19378755299
0704111 56902.40470642135 57962.18423784123 57221.468420933874 57986.19638803275 57484.33634440317 57564.68280545732
0809110 58706.03217158611 58295.835980275304 58481.57214370981 58324.28885419478 58525.904329355064 58477.32209394391
0810110 58428.656353203674 58123.77508128293 58502.75623235673 58285.215129765966 58345.26408423967 58309.06627893456
0910110 58269.957786408115 57894.108816863765 58338.76790418861 58096.125654253214 58127.94355345187 58113.2439516296
0909110 58522.251812521565 58031.06718136691 58358.72587232553 58120.09280319086 58272.66505649278 58266.71905859522
1009110 58268.30212506688 57897.11424057774 57744.55786672045 57871.4002047468 58114.89235390073 58065.500246400654
1010110 58102.03252280347 57720.07839253511 58071.56136209699 57867.06619686315 57781.82815589469 57937.53498322734
1110110 57909.489308081844 57645.15727018199 57962.07444446654 57576.4502791546 57618.47082378895 57683.829786484
1109110 58107.65279799741 57928.34289572932 57490.26323429874 57677.50281165674 57861.84261733822 57843.77740100255
0710110 58469.67882986066 58329.51261751098 58632.83285389452 58417.01115734677 58458.69563121792 58369.0071883739
0404111 55000.622689049385 56383.688357831605 55317.39224761486 54760.01813750134 55416.07158247363 55386.323333739056
0505111 54347.511542830514 56319.82563603086 55935.819094045575 55426.354032765375 55793.63545267978 55798.61584591323
0405111 53983.37519665439 55748.50952277734 55195.4073237613 54115.482965822164 54579.36147311719 54662.31079616632
1008110 57783.095336953535 57616.6775207776 57529.96401612951 58020.239284220304 57746.71514509926 57779.47317863647
1007110 57477.00017961681 57372.43977828593 57554.56274132488 57714.914357752976 57460.133812629436 57490.443356047035
1107110 57521.11891652469 57276.200139674365 57332.85371625901 57626.17893688366 57337.23011343052 57288.31905526774
1108110 57780.84958573323 57632.89551883619 57287.79031204952 57841.55036271341 57575.3712047817 57646.716882159395
0510110 58114.665390067414 58311.25824700284 58581.837140631345 58314.065338086 58342.05542513726 58316.138152222506
0410111 35852.71999185851 33283.52380604859 36260.05914306302 35870.84543019345 36105.18882132986 35947.495522737234
0804111 57659.676223472205 40159.96964936563 57573.89565970001 58418.019518027206 58157.49221224397 0
0805111 58105.19464438744 40072.440481809645 57993.573550800895 58577.77502969444 58386.91045325272 58342.844997631146
1005111 40100.44681538266 0 40225.120895906126 40099.704449032 40113.23222846939 40097.10242968254
0510111 0 33550.002361207495 0 0 0 0
0609111 58978.959967265684 58976.44781864787 59037.88389898351 59222.709013029715 59078.345862137714 59097.11547613113
0707111 58808.29659041022 58732.841572700505 58663.692832133165 58848.96773404273 58686.97718054761 58695.969282214064
0807111 58824.55265246472 58705.836886918594 58508.766872076616 58808.33862749019 58654.741126712885 58692.95700307497
1109111 0 0 99.99999999999994 0 0 0
1108111 0 0 0 0 0 0
1101111 0 0 43595.32817592302 0 0 43615.967414428625
0409111 0 0 36771.99851763033 0 0 0
0810111 33039.312168747325 0 0 0 0 32987.17473439881
1010111 0 99.99999999999994 0 0 0 0
1110111 0 0 0 0 0 0
0808111 58882.59179771735 58720.50945168103 58726.483792130326 24608.390929985682 58794.50957429995 58825.884422205854
0803111 56714.62101729178 57352.30110851831 57342.88690075121 57792.04320560971 57504.820556843515 57276.59448547022
0802111 57266.46833580447 37519.84215231541 0 57692.677088200566 0 0
0710111 0 33075.53183005163 0 0 0 0
0702111 0 57414.984863049795 56653.75643640682 57293.41558517418 57064.54335480431 56593.48377937725
0701111 0 57054.88519154222 56683.40246104854 0 56745.30009409767 0
0506111 53957.59544181003 55387.076203966535 55844.27586220352 53715.71109176637 55432.787476298676 0
0406111 53176.1027293332 54799.584308033154 54292.218895834616 53871.26782257108 54149.65064967884 54348.360174849586
0504111 55270.29189389665 57078.78842863857 56202.1863512227 56052.0470186688 56363.50793003076 56384.856912978255
0509111 0 59192.17837712623 0 33497.59331316017 0 0
0204111 0 0 0 0 50669.87971422596 0
0905111 0 40165.55444591877 0 40098.93144138523 0 40120.71412277149
0604111 56077.164917393 57500.257498390165 57008.66437963967 56616.566118486124 56949.57929487735 56953.26588735356
0904111 0 40322.64613027194 40205.30383984865 40117.158405814145 0 0
1004111 40354.84916848896 0 0 0 0 0
1102111 37575.12691979585 0 43582.38265396349 0 43499.15628773501 0
1001111 0 0 47943.089968874265 0 0 0
1009111 0 199.8999999999998 0 0 0 0
1002111 37587.25716652751 0 0 0 37567.83458990273 0
0706111 58797.077125043485 0 58091.53878850204 58839.53825066643 58770.067040392125 58768.607821546575
0801111 56684.00942574188 56865.6485104425 57059.102835918595 57378.34517529418 0 0
0705111 56416.94621611487 58269.845357429294 57780.60720458889 0 58066.4640624648 58131.40801811882
1105111 0 22126.01331129329 99.99999999999994 0 0 22159.8132122889
1104111 0 0 0 0 0 0
0507111 53435.01387698051 54111.08178147056 55152.23305254823 54019.31322206538 54521.871257994426 0
0605111 0 0 57149.48594248764 56969.44813857857 56973.42381668952 56683.48434664777
0208111 0 0 0 0 43176.95733947835 0
0902111 0 37559.361467674586 37509.38685117937 0 0 37523.75364965093
0307111 0 0 53671.659624271466 52893.39259250959 53185.85895190394 0
0206111 0 0 18964.03025231516 0 0 0
0205111 0 0 0 18939.175773232077 0 0
0407111 0 0 54382.36298466443 54159.51636544558 53892.69038708546 53883.23749919289
0306111 18633.486072873726 54229.119278595776 52686.90995750244 52411.04463358184 53228.925611740735 52862.053846617564
0809111 0 0 0 0 24719.23530489 24742.67923446452
0806111 58799.707293880485 58592.43973819547 58356.71804434272 58770.851031694176 58573.30753163551 58595.05392671517
0708111 58894.8901273959 58788.57100852558 53054.79460016374 58932.45433730875 58896.015416985145 58876.29495953894
0107111 19112.477359775366 0 0 0 0 0
0709111 59098.12764522909 0 58897.859020368654 32914.550693626574 59002.11992510581 58957.756467813975
0909111 0 0 0 0 0 12068.002896346214
---
