agent0
actions UP DOWN LEFT RIGHT PRESS NOTHING
07060000 14639.108445080206 14959.72306915698 15871.908945328438 15115.785719832178 14997.595524952043 14982.672715522527
06060000 14364.511374132402 15097.631493911838 15386.343793898744 14388.338452351069 14334.25295078153 14308.197598085411
05060000 13832.314725582853 14398.406463630832 15225.030035562599 14532.78467237577 14748.294656416896 14672.886924882343
04060000 13695.599621094392 14547.837854387655 14395.357798886622 13244.06611556996 13802.483857317693 13925.142855577424
04070000 13108.751286896644 13284.119658494166 13763.192219830113 12141.07512424623 13014.478390966819 12973.113791833825
06050000 16075.055644247197 15180.043857022516 14522.979834294218 14649.25786072165 15216.132313261081 15307.541065827229
05050000 14049.460389165059 14771.48182438072 16180.86980177069 14545.720995381416 15255.432237572617 15450.159021829957
05040000 14649.444959169554 14815.217338221839 14812.948797603103 15122.506927575345 16252.653364207332 15704.030012277966
04040000 14624.7794283576 15505.405835418062 14113.366632982548 14028.056124900075 14440.589881454329 14374.866142402729
04030000 14001.723230211432 14500.900021786809 14054.277364595313 14718.890127217293 14052.656321141108 14774.881725936004
05030000 14199.561952045158 14202.152353399584 14914.559222322354 15495.863454947952 14506.258908867236 15622.262998429467
06030000 14468.269047167156 13652.961813454825 14044.799803744529 14673.04360734033 14050.210906570024 14060.709253732686
06040000 15249.341943687263 14165.210378775813 14893.114064615009 15086.543717488774 14531.305372993804 14691.363381116887
05050100 14458.29830775907 14187.853895488008 15760.70937056106 13931.684851937353 14674.41605369606 15072.493551292233
05060100 13750.149218702674 13608.878044317597 15045.230065968308 14418.139463265981 14047.456713862724 13938.192438344784
06050100 14939.209268134238 13502.097556527984 14468.390190302165 13403.018323488153 13858.78034505533 14318.329476586303
04060100 13655.103720599553 14117.510374173422 14381.450770574555 13073.473680089137 13929.587042314264 13873.761783799437
04050100 14363.110306281338 14992.294041557661 14818.47681635035 13928.779031010286 13955.55461890592 14369.244786915404
04070100 12525.537542194357 12927.13214356706 13577.339478597822 12414.899176868754 13170.793262603236 12911.531092953192
04080100 12684.769794410442 11725.854465793136 13126.245267497396 12658.986394241334 12439.657921509244 12273.076073335704
04040100 14844.326922590244 15778.419604212932 14778.439317909173 14346.08055982432 15013.541996035472 14715.516620640166
04030100 14633.854498874458 15179.088396278006 14580.251895883415 14754.119617940165 14594.180111731117 14689.04359215502
06060100 14142.218544973146 13075.376662886552 13976.656738130301 13506.832339258728 13746.322596601956 13644.481508233492
04060101 8095.017304834841 8328.11206462382 8384.429792127408 7708.053722622118 8150.391557595464 8072.811579351159
04070101 7658.618828342444 7748.359687034572 8171.076073767455 7508.9138060685 7810.835615112146 7819.447728507564
04080101 7481.318918062721 7194.818839589173 7859.027060411959 7468.4842999624725 7522.34510541274 7576.177927500895
05080101 7515.275766819178 6925.407198715797 7183.532305497611 7153.9975478468405 7229.67527416199 7220.220914739863
06080101 7184.658567042218 6742.397080083261 6933.434052108414 6913.042716291322 6897.56251994 6991.658805343039
07080101 7012.241934986961 6439.936811728573 6631.263185645131 6765.967215749497 6770.737122237916 6712.426091333325
08080101 6783.994860152688 -0.9999999999999996 0 0 6620.134861618721 0
04050101 8465.103356510535 8547.343707741113 8675.036220515633 8111.587028487065 8473.131679282344 8432.781480963962
04040101 8815.682368976619 0 9168.9277063457 8514.139887997582 8652.883744972647 8692.352307051688
05050101 8482.425236245095 8607.15384516575 9164.213106286303 8160.127500458402 8695.195544987333 8661.734700518602
06050101 8708.49705877524 0 8889.270981008798 7927.589079921025 8425.42783135298 8563.66674799392
05040101 8746.075077742065 0 9376.300179977081 8772.691920074583 8993.760624290711 9051.281655159084
05060101 8071.620326311668 8004.6341996456695 8569.957695121655 8177.859681387184 8266.266157860626 8297.385486876665
06040101 9128.64057496479 0 9066.958173604364 8576.682693850315 8879.495354452005 8863.711985117756
06030101 9392.488862625341 8738.650833932796 8904.648511974154 8687.590416828345 8988.792339094703 8991.163179684487
05030101 8923.251138240495 8923.318751559416 9439.653174049416 9030.218432002834 10017.945424212134 9409.791261231083
04030101 9119.78805599651 9399.540895609774 0 8773.792732351196 9040.192566896652 9010.349152621395
06060101 8289.03648842973 8153.048483537905 0 7989.73587926538 7954.023296038333 8046.276240849595
09080101 0 -0.9999999999999996 0 0 -0.9999999999999996 -0.3999999999999998
10080101 0 -0.9999999999999996 0 0 0 0
11080101 0 -0.9999999999999996 0 -0.9999999999999996 -0.9999999999999996 0
12080101 -0.9999999999999996 -0.9999999999999996 -0.9999999999999996 -0.9999999999999996 0 -0.3999999999999998
13080101 0 -0.9999999999999996 0 0 -0.9999999999999996 0
14080101 0 -1.9989999999999988 -1.9989999999999988 0 0 0
15080101 -0.9999999999999996 -1.9989999999999988 -2.9970009999999943 -1.9989999999999988 -1.9989999999999988 -1.3989999999999987
15070101 -1.9989999999999988 -2.9970009999999965 -1.9989999999999988 -1.9989999999999988 -2.9970009999999805 -2.397000999999997
15060101 -0.9999999999999996 -1.9989999999999988 -0.9999999999999996 -2.9970009999999965 -1.9989999999999988 -1.3989999999999987
15050101 -1.9989999999999988 -0.9999999999999996 -0.9999999999999996 -1.9989999999999988 0 -0.3999999999999998
15040101 -1.9989999999999988 0 0 -0.9999999999999996 -0.9999999999999996 -0.3999999999999998
14040101 -1.9989999999999988 -0.9999999999999996 -1.9989999999999988 -1.9989999999999988 -1.9989999999999988 -1.3989999999999987
14060101 -0.9999999999999996 -1.9989999999999988 -1.9989999999999988 -1.9989999999999988 -0.9999999999999996 0
14050101 -2.9970009999999885 -0.9999999999999996 -1.9989999999999988 -0.9999999999999996 -1.9989999999999988 -1.3989999999999987
14070101 -1.9989999999999988 -2.9970009999999965 -0.9999999999999996 -0.9999999999999996 -1.9989999999999988 -1.3989999999999987
13050101 -1.9989999999999988 -1.9989999999999988 -2.997000999999993 -2.997000999999992 -2.997000999999994 -2.3970009999999893
12050101 -1.9989999999999988 -2.9970009999999965 -0.9999999999999996 -2.9970009999999965 -1.9989999999999988 -1.3989999999999987
12060101 -2.9970009999999907 -2.9970009999999965 -1.9989999999999988 -2.9970009999999965 -2.9970009999999965 -2.397000999999997
12040101 -0.9999999999999996 0 -0.9999999999999996 -1.9989999999999988 0 -0.3999999999999998
11050101 -0.9999999999999996 -1.9989999999999988 -0.9999999999999996 -2.997000999999989 -1.9989999999999988 -1.3989999999999987
11040101 -0.9999999999999996 -0.9999999999999996 0 -1.9989999999999988 -0.9999999999999996 -0.3999999999999998
12030101 0 0 0 -0.9999999999999996 -0.9999999999999996 0
11060101 -1.9989999999999988 -2.9970009999999965 -1.9989999999999988 -2.997000999999988 -2.9970009999999925 -2.397000999999989
10060101 -0.9999999999999996 -2.9970009999999925 -0.9999999999999996 -1.9989999999999983 -1.9989999999999988 -1.3989999999999987
09060101 0 0 -1.9989999999999988 0 0 0
09050101 -1.9989999999999988 -0.9999999999999996 -0.9999999999999996 -0.9999999999999996 -1.9989999999999988 -1.3989999999999987
10050101 -1.9989999999999988 -1.9989999999999988 -0.9999999999999996 0 -0.9999999999999996 -0.3999999999999998
09040101 -0.9999999999999996 -0.9999999999999996 0 -1.9989999999999988 -0.9999999999999996 -0.3999999999999998
10040101 -0.9999999999999996 -0.9999999999999996 -0.9999999999999996 -0.9999999999999996 0 -0.3999999999999998
10030101 0 0 0 -0.9999999999999996 0 0
14030101 -1.9989999999999986 -0.9999999999999996 -0.9999999999999996 -1.9989999999999988 -1.9989999999999988 -1.3989999999999987
15030101 -1.9989999999999988 0 -0.9999999999999996 -0.9999999999999996 -0.9999999999999996 0
15020101 -0.9999999999999996 -0.9999999999999996 -0.9999999999999996 -0.9999999999999996 0 -0.3999999999999998
15010101 -0.9999999999999996 -0.9999999999999996 -0.9999999999999996 0 -0.9999999999999996 -0.3999999999999998
14010101 0 -0.9999999999999996 0 -0.9999999999999996 -0.9999999999999996 -0.3999999999999998
14020101 -0.9999999999999996 -0.9999999999999996 -0.9999999999999996 -1.9989999999999988 0 -0.3999999999999998
07040000 14594.675953322454 14076.15810427555 13776.190765502368 14881.879398877249 13884.58482149234 13913.166388446834
07030000 13928.309718415885 13692.902519957453 13692.06773074999 14209.113486815411 13323.769121214382 13473.449863191798
07050000 15968.722295189165 15172.527806496048 14184.99057546702 15161.696299996134 14298.471466117311 15188.66275958767
06040100 15743.499227597395 14211.472802206332 14532.005710148585 13763.813602699583 14763.94453916862 14632.685428602083
05040100 14733.642985772916 15048.184061514092 16370.47775262404 14740.653282549636 15256.578603986683 15646.455001467071
05030100 14827.413252312057 14721.02352420063 15571.49075718028 15572.623586120233 16454.592500797153 15773.327285108697
06030100 15535.36168218754 13907.175228536085 14926.489185533914 14986.108343574895 14889.744313990286 14605.234726913062
07030100 14651.912419683276 13964.24955759159 13967.783458957803 14075.566458716252 14077.287565107328 13568.133794873573
07040100 14868.217397949747 14340.509331671474 13876.300664648352 13270.943106591098 14129.54710549576 14063.786523971234
07050100 14073.912660802538 13212.191009662094 14173.225213478985 13008.88617611135 13257.550640122361 13765.778293072548
07060100 13567.286858334595 12907.457597040364 13443.498657419219 12977.18488455391 13006.868156001106 12914.787188751194
05031100 15160.587423712986 15065.424962621873 15421.522547828054 16537.08613149882 15616.479755390836 15597.892752785698
05041100 16623.56826059718 15150.091587561155 15845.557485984084 14781.303357630779 15756.952523864236 15461.486608084582
05051100 15172.734359494989 13966.49324847609 15777.540879120275 14230.551608481608 14828.065724648864 15066.721402232994
04051100 15045.983699346023 15026.46100294698 15808.084284972436 14420.817439131097 15039.141867850078 14951.06376805953
04041100 16710.91681787915 15788.767765510396 15022.114541139108 15162.95343776665 16296.68333996816 15921.793207564651
04031100 15033.849719357326 15701.542611891939 15043.22795662769 15767.52252902519 15023.530140405028 14835.191997156004
06041100 15967.802120398695 14319.14857339706 14917.188850832767 14291.743082395174 15068.478487205506 14765.099727174183
06031100 15653.085555046182 14116.309400972388 15074.318024755103 15194.86270160675 14781.600790679075 14802.001898482555
06051100 15110.138456749171 13737.298762708755 15224.428473143795 13857.882101619536 14150.374185448605 13948.12583410362
07051100 14244.061517134196 13768.651416066446 14207.225653541473 13070.283476337097 13630.931803224372 13562.802873922385
07061100 13606.795131254186 12931.261518896248 13459.615774928094 13292.738987171611 13161.699840831223 12909.733642921894
06061100 13926.742474851806 13276.240852687524 14365.386511303283 13586.051792309612 13611.114314196424 13981.135083410696
05061100 14346.20679469527 13819.576334374371 14650.94783269234 14166.951692230088 14001.679111059977 14192.73710726656
06041101 10985.20331122444 9841.581625618077 9475.005571658621 9736.128690156995 10561.49145562226 10165.446682728938
07041101 10393.27838940136 9698.15594924902 9460.584115828582 9369.264769203743 9651.69158422829 9698.51097282686
05041101 11476.637073828522 10407.243689711608 10237.281945992923 10378.471515834508 10914.368961827488 10739.55699763841
04041101 12108.236072675272 11041.549254522291 10796.875809679233 10929.288638288719 11258.612390754295 11400.610076833163
04051101 10859.409823452468 10439.740428945328 11314.122900294386 9587.289478854409 10710.06372420214 10679.583713958596
04061101 10207.467033583933 9281.58794945523 10919.05734609668 9418.261635699142 9963.593612961446 9878.11969997704
05061101 9721.769944268135 9277.867167884027 10000.637551675982 9600.948586740704 9478.555629958611 9411.108069517451
06061101 9407.486545012536 8935.263506131167 9901.939995464178 9177.113695629145 9144.614257723533 9160.498007859236
05051101 10892.295175864749 9766.090366618231 10857.950740103739 9610.785448255998 10036.83999158482 10324.012429988456
04071101 9500.716300235346 9747.430805803286 10269.285442459972 9028.80592477461 9697.737518455933 9330.16567315175
04081101 8890.107933807136 8718.983689282342 9657.0290244409 9184.886986340583 8953.509907001564 9106.467991427498
05081101 9060.5564539315 8364.664690101654 8779.23107608956 8765.479453966485 8750.453790982945 8934.948645904638
06081101 8692.40744177298 8025.505364164736 8527.317136931513 8476.137786531795 8535.284049507833 8406.345833793152
07081101 8488.778803106907 7639.580508101707 8102.620543269339 8144.369545274156 8085.602566379852 8189.201133614925
08081101 8127.267793511713 7226.037901095902 7751.352649885407 7709.924126867222 7753.579352917743 7717.1263213252305
09081101 7738.974810917846 7010.083616205095 7421.452056160889 7277.46393151904 7359.394622136669 7379.117157793151
06051101 10295.677704801847 9522.746491496779 10175.470319097361 9407.3647140091 9926.60531622805 9624.206729286663
07051101 9867.793060794396 9355.699754433206 9766.370313461019 8885.414794777125 9507.297326738913 9251.206281881601
07031101 9936.56221212053 9183.536255442052 9441.433413723531 9526.491698177835 9333.172441420018 9187.207937737126
06031101 9979.51592934841 9519.358496787987 9833.239423457488 10491.007117381701 10127.068483131197 9712.268444157196
05031101 10679.879522153053 9804.377796708928 10313.492345339218 10842.71109249446 10242.567598932194 10319.301713908746
04031101 11104.05596181274 9804.736751146833 10885.867205350245 11493.02710228815 10907.09692807847 10679.779653992164
07061101 9301.097300058076 8921.492811193206 9434.72344499994 8951.576971882943 9041.470647685328 8820.04836179891
10081101 7245.6252569236985 6609.540279542418 6906.2830039294095 6964.484726138265 6941.16850308446 6851.24750989857
11081101 6954.332642292122 6216.288837719893 6651.762692458579 6638.498846080906 6659.624999952966 6639.659404449955
03041101 12516.325488665101 11282.131759781389 11858.48930547603 11795.901576219198 11981.494446338189 11907.883842344147
04050000 13972.264248236232 15096.887427118198 14518.632014318726 14063.929589620308 14370.293078496967 14273.57975217372
05031000 14568.730788385603 13967.739612543084 15504.879508988948 13913.354585131074 15537.748997441091 14771.97372073737
05041000 14710.345357908509 14058.010319657125 14649.43798202269 13223.594333729845 13705.16079428697 13984.385331796257
04041000 13914.899087109055 15305.196325962143 14390.103058474982 14001.59070028862 14640.932880154747 14648.414488408254
06041000 13728.75671194318 13644.138901649556 14037.040178859104 13617.601313978572 14900.159452841957 14302.0771157636
07041000 14277.794778874088 13775.440266178799 13614.510101908098 13153.69680388784 13527.388880556198 13873.415484183626
07031000 14125.006080485515 13260.99654639374 13707.757657995402 13761.568726943726 13665.964069782673 14211.094154059097
06031000 14775.667926279551 14431.209386654484 14116.961399017278 14325.591890942213 14015.081936003187 14212.4180499572
07031100 14832.801767498388 13972.579569988007 13871.981463047758 14201.92180101876 14143.578386369278 14266.531840373558
07041100 14894.138818561436 14142.292115341017 14194.177777765019 13635.13469083057 14065.002722194902 14050.028120298437
04061100 14629.93627531162 14097.676569749776 15065.563283623997 13924.579895612203 14065.936866438353 14317.420136963341
12081101 6407.5494036452155 5861.594681949975 6084.636296694778 6233.247806917493 6155.225985700139 6172.63505540485
13081101 6161.7532975857175 5564.804060318004 5980.244302102243 5947.18851889705 5906.224733268576 5892.789757449154
14081101 5727.764212090501 5403.066552601243 5428.283244941385 5583.872873313686 5543.239010119761 5576.450268015313
14071101 0 5179.37105443339 5322.285038861352 5622.806543615882 5486.172559597854 5534.297398299226
14061101 5076.975116074279 5050.337285794123 5025.505169957553 5423.950859418875 5173.460833559152 5125.417587793599
14051101 4755.633398269106 4647.868715179404 4756.112335405983 5263.202393984389 4973.12816868078 5073.466398097718
15051101 4973.102882923557 4744.486446858413 4438.246598458843 5018.086245904375 4752.613583949144 4777.925665416074
03041000 13308.005970041795 14660.369302742754 14056.766016366237 14020.975417683794 13750.682574989522 13935.0164885029
04031000 14296.15630528747 14808.597803232953 14658.363313149019 14512.021472124316 15120.513162406405 14725.69328855519
07051000 13803.760112018865 13245.483007986888 13604.801099158616 12459.31923053131 13147.790228760054 13225.031401806122
06051000 13497.998326754596 13119.91770235882 14345.551933577415 13475.863384486609 13442.292912745123 13726.898337595978
06061000 12624.981452135065 12849.95229453546 13823.701978958721 13288.194759457423 13201.386129313749 13371.967910399198
05061000 13193.55009454764 13212.327648759361 13525.964871875629 12659.323618680815 12766.16865125734 12812.495735541823
05051000 13659.944634633004 13677.789244761927 13946.009077798026 12716.225086533015 13543.842498639435 13544.58907439223
04051000 13948.009762945778 13042.913983777693 14643.316450867387 13019.676821518375 13932.90135352937 13810.032756983228
02041000 13906.167166734278 13871.847283135785 13693.052720506123 12690.775565189757 13250.452144943796 13313.838752507385
01041000 13805.91054552665 13352.641290537813 14698.581899315917 13162.192028420186 13913.020809438349 14134.338772593228
01031000 14895.79399566355 13872.648378784677 13655.085443213544 13883.344987939883 15357.367652699162 14661.609544102954
02031000 14395.44805459971 13693.295859862286 13220.563074103049 13356.234437579125 13829.016134453372 13719.310355324975
03041100 16797.702313176786 15624.356279388796 15990.450169409714 15797.580658187071 16019.318448762024 15850.751511595643
02041100 16890.862601730987 16044.49825720016 15218.107169641415 15381.643169640252 16263.705524447192 16017.042885856503
02051100 15434.187274240348 15218.059518807677 15905.73426592434 14500.121924234896 14974.50289240079 15335.511096049946
01051100 15455.265527046093 15055.467499428229 16265.097741514335 14777.071753166883 15492.978891543722 15346.473239530103
01061100 14921.4824537237 13988.50151147298 15340.404341449663 14213.164094041818 15098.690614894133 14963.944265043343
02061100 14739.715726203929 14580.259277521745 15181.266778033103 13872.887769597246 14556.818883933782 14406.786155257998
02071100 14070.6053537177 13876.152425112854 14477.186358510206 13478.574708721784 13750.94600751604 13691.867754747054
02081100 13393.451847338838 13535.745849625027 13948.401847358766 13260.332699381877 13466.181340572217 13584.504917669352
01071100 14131.498780582187 13632.596925162088 14887.16698425775 13379.848406258418 14260.644168701518 13751.291815000626
01041100 16242.754634914905 16177.467127764949 15584.747992011045 15509.795956081389 17000.795397334085 15887.768263457596
02031100 15401.773369465032 15348.56300430833 14579.621679913613 16180.894054998278 15212.636212640122 15144.408247283824
01041110 16381.126453150495 15047.128129160035 17118.722062752473 15168.981771714722 16282.62009619453 16287.178259477587
01031110 16494.146713489452 15552.5553791197 17216.2972512309 16243.922599701644 16497.728749948452 16637.474144315216
01021110 16505.087781935476 15462.810242798234 17290.900759507622 16118.892430245516 16209.112657468188 16274.511826190748
02031110 16249.764501976531 15122.620172124667 15156.287103714447 15022.747685563347 15327.225849890081 15236.652494521082
02041110 15877.490383541865 14141.459716490725 15144.879932884023 14563.872939981426 15090.079876978836 14901.139856316142
02051110 15057.581837820111 14651.678967760608 14495.85537275138 13672.004874076049 14388.41962508344 14503.557032034743
01011110 17375.362630084346 16139.434516435935 16454.16447309755 15866.097154613042 16045.43188163057 16339.315384035033
01051110 15239.869002966314 14629.74746919759 16313.838657012982 12893.598915584185 15392.717395154725 13280.25208288389
02021110 15779.649030677469 15100.58847471838 15182.493984440582 14938.351126167843 15392.977789307884 15671.447000091928
02011110 16210.830720856342 14555.053032869895 15572.61263185437 15233.684071048747 15556.993625518506 15768.895568806376
01011111 17075.353240899833 16143.898149133985 16730.8302147506 15998.42594361302 16674.214413214464 17481.687208741823
05080100 12252.260199684939 10808.450290994182 11815.384746479289 11917.292482957737 11819.384824051933 11902.354818058333
06080100 12020.10531382681 10979.710967110203 0 0 11726.94856429209 0
07030101 9105.591443379642 8778.13647039593 8676.001279473396 8553.837458407863 8858.151999838557 8577.291964798847
07040101 8784.374447570755 8345.946949317398 8548.409560733795 0 8576.003726846837 8496.759074528798
02041101 13079.268765658573 11990.953911510256 12016.009049811073 12197.22789987661 12431.15319571391 12707.353799018576
02031101 12517.184327554636 12045.719482462193 11264.124934750607 12446.676961677316 12140.921296697185 11832.986116572894
02051101 12757.440418846218 12185.838535855632 12564.789687578757 11694.1270236258 12239.620316971625 11988.14621301567
01051101 12874.164589810694 12098.988163923996 13679.047622737296 12269.889023454823 12950.393617547188 12511.406421067193
01041101 13302.865837333144 12415.52798973095 12742.809720693054 12915.395578933756 14101.189568994134 13546.843177800327
01041111 14134.40047207537 14492.930780682836 14446.735603667883 13557.06194135746 14128.067403530591 14033.197877898016
01051111 13299.972299654104 13446.776982533089 14075.88748893928 13529.267766532463 13408.845953461296 13448.366368958326
04071100 13849.983685306575 13324.044149312464 14197.520442918021 13148.126683116074 13591.05454147239 13840.532526413197
04081100 13133.064967088816 12448.807523371323 13486.369436807485 13105.3340207196 12891.9482501524 13031.311074645564
05081100 13009.813454065401 12326.344072802647 12659.90173449666 12353.488498578914 12385.284594737712 12672.427174309267
06081100 12587.34599504417 11565.762832530032 12151.720685902932 11950.365171786063 12190.476935686034 12108.135670050582
07081100 12144.160821548281 10745.448512237253 11670.730620847913 11520.511721020313 11588.917906124032 11520.577128544077
08081100 11716.4029653447 9320.669791493965 11074.756774971203 10820.704833359834 11119.776134903448 11119.46817033313
09081100 10849.405816598823 8731.057843018594 9888.616297584766 9652.253581761142 9524.999354328937 9862.64590725276
10081100 9838.209802825377 8835.358716096662 8961.76664014175 8639.550979850108 9025.343078374433 8921.17793590188
11081100 9335.489410299073 8631.523521583476 0 0 0 0
12081100 8909.423669141857 7620.772350026014 0 8366.257363274372 0 8383.422429816897
13081100 8118.312893284207 6419.3533284621235 7353.696162580756 0 7607.454327503174 7289.058076587669
14081100 7295.5203926100985 6017.191184836292 6583.173507996097 6800.666218371133 0 6832.193768182474
15081100 6768.66980165693 5750.947784356492 5680.319198945452 5934.5561495151205 5943.3920568073845 6130.848990989664
15071100 6104.848846308102 5479.648257660246 5251.841706363869 6231.429226846868 5531.431617886963 5450.451564809352
15061100 0 0 4971.226826563929 5747.208859154815 5570.6998155784795 0
15051100 4951.153875641357 4625.854421161824 4569.533021147153 5193.974008949103 4740.204398580045 4623.834721784311
14051100 0 5068.634774115315 0 5385.59141985899 0 0
15041100 0 0 0 5151.780280069143 0 0
14061100 0 5664.467721199254 0 0 0 0
14071100 0 6002.737536840396 0 7014.7405419506285 0 6570.329755476668
15041101 4812.530104284219 4570.987025596794 4325.30350049965 4761.308702994369 4515.179700406113 4558.480988387782
15031101 4595.175684777175 4380.945154582879 4249.872386225365 4525.321001435942 4454.088954770765 4385.387504529875
14031101 4570.323248534747 4197.109061960716 4385.261711335618 4870.134540919814 4590.938459198097 4466.026050575211
14021101 0 4408.32599922255 4354.850795782759 4677.917762987765 0 0
14041101 0 4687.505113100046 0 5091.417444414142 4788.110019060483 4848.361343359363
15061101 5260.908803485242 5134.876394811432 4759.280453589594 5230.079898507496 5150.400813238249 0
15021101 4491.375611201274 4218.334040336333 0 4450.904077476228 0 4289.734489767942
14011101 4247.1747030497245 4113.823077548749 4186.71876606135 4448.895346818421 0 4204.421855004325
15011101 4312.88551452671 4177.241811895749 4118.43086220824 0 0 0
15081101 5545.402784994973 5399.322961170977 5185.824287771892 5289.384632354604 5411.017985909438 5419.185304254959
15071101 5380.440543219909 5168.11893100078 5084.817065930892 5349.162571479369 5126.637518755626 5170.962951116286
13051101 4605.2789878696685 5033.1161189597215 4664.010160617352 4772.548358188976 4687.681887464229 4697.565834031249
12051101 4626.025549275118 4901.994034758107 0 0 0 4726.024432463658
11051101 0 4838.588982880654 0 0 0 0
01031100 15370.516827394531 15147.05064708737 14444.99056535582 16156.840652914065 15504.49751225128 15192.306818858371
02021100 14186.026942628629 14323.403496318568 13837.821885940959 15509.424875039733 14559.289618365288 14690.21679855591
02011100 14015.176413019804 13380.091461154787 14043.65205948177 14652.045435186914 13817.534602201307 14196.3876627137
03011100 13943.495261647711 12581.057396904807 13152.518560548027 13201.250995014052 13116.197265322424 13323.671911484023
01011100 14032.846460504777 13620.275896486053 13849.981916551236 14459.970743917132 13874.846732879527 13835.735253344033
03041110 14668.964909838744 13339.893367301715 14310.551728615454 14221.87832769587 14080.256035787088 14065.793911613393
04041110 13966.068801995256 6279.5617188562965 13064.244215131173 13040.253442032272 13512.128488006067 13132.523189529447
04051110 13039.155093039439 12758.560621322538 13467.873942813756 12787.942082721735 5600.145072017334 13143.943894467775
05051110 13106.216516642595 11428.761461116137 12312.195731124699 12583.705885573921 12738.26909737261 12847.649513358505
05041110 5678.943689908092 12026.729449002834 12625.394402443068 12627.464882970959 12233.189934538532 12413.627134098026
06051110 5542.986812029258 10825.249107234826 11839.833339286717 12044.119508556983 11124.035906574562 11715.92406920272
07051110 11437.055672139064 11075.584482586004 11412.897932957838 11087.017353353343 10938.2084210912 10600.740624868791
06061110 12418.417823452586 11422.525112099256 11422.668896586249 12031.376246912145 12092.408864516206 11970.87776702625
05061110 12712.911154958254 11959.612120246087 12789.999484566082 12606.819934045068 12434.93322064689 12381.24202934813
07061110 11980.005704925421 11103.127621584514 11011.11312421125 10993.138623766878 11417.389403583747 11327.16181576911
06041110 12396.711806714697 11384.474737197337 12400.705308145041 11740.652535039082 11960.503880328397 12143.49358929601
05031110 13030.362007205762 12461.883772878355 12804.058630967722 12327.535378043032 12772.34755998622 12795.150222245238
06031110 12743.315162647397 11909.037844264953 12354.614993697302 11941.60239189587 12313.844480065189 12408.160467300237
04031110 13205.172839523631 12791.869433397726 13157.131807468075 13453.330926892395 13082.059504405783 13138.224748564227
07041110 12066.094078277947 11387.791584777475 12096.737490616923 11073.209946158819 11551.277397056774 11353.131495397549
07031110 12389.557805655992 11965.956809431418 11968.490328791228 11380.121328600977 11964.968195421576 11901.362955398181
07061000 13032.019110137568 12587.871569263989 13136.557686266136 12613.338355287911 12431.818399955324 12458.466779433247
04061000 12914.904941666255 12316.18476655752 13591.396819618922 13134.114158750031 13174.740587841237 13137.16233684676
01081100 13293.09257901412 13314.55086330782 13936.801242646103 13573.253205761706 13522.365324938639 13528.589649590347
01021100 14378.839387486574 14589.458448696867 14140.03612823445 15067.127269700391 14274.246040417813 14148.099005833692
01061110 12574.856594427874 13409.418228080112 13700.72641250397 12986.762440194945 13121.667008468623 13112.580186470184
01071110 13140.495767418994 13448.869379710868 13545.880675334744 13074.327102420622 13097.851634547633 13122.284799535517
02071110 12745.039629304498 13423.9943684064 13727.941620791611 13399.678790439606 13312.276263825022 13174.142049320775
01081110 12927.378648069836 13380.213368488132 13522.00102675581 13067.600983424396 12825.050302750235 13076.166265252676
02081110 13196.705438013974 13053.02981381967 13832.123133155988 13337.126792928277 13305.546281946517 13459.439515719174
02061110 13039.600672953116 13838.963972520987 14662.125568998432 13263.687842548667 13766.920166112775 13672.786382082975
03011110 15228.664082609559 8281.30676266025 14675.96835009941 14636.499038717013 14682.700185591528 14723.12126842742
02011111 16876.06566883112 14727.272471064187 16250.323369672727 15662.943615346285 16275.887304631555 15933.298654909499
04080000 12555.352589886512 11616.013103114354 13226.432891061299 12292.533645660931 12368.625634172256 12655.885857532747
04071000 13132.721346197124 13244.127985654588 12965.193045399814 12667.403688339557 13236.780605702434 13607.464132629968
02041111 14029.566047577313 14153.177957286616 14900.56889508729 13720.616920219969 14470.32761774215 14499.81564363659
04011110 14615.903861687226 13718.217219034395 14163.519036451615 8335.189611152786 8213.9895868062 14202.37169238689
05011110 14028.441172471907 13423.230682802827 13684.194594264536 13777.186595442552 101.42098829553942 13638.16021339315
06011110 13711.787852950929 13078.908595455096 13381.013565301975 13366.648280681819 13435.55839278377 13492.152348268619
04061110 12723.411768834634 12509.118817576084 13151.929288433012 12394.643403517783 12583.989209452624 12667.799921600335
04071110 12259.928663880832 11978.605482760286 12734.13293492648 11774.164224980692 12236.275712100585 12414.403436341065
01051000 13039.996078588469 12748.444576786114 14020.563805742393 12955.682317237688 13552.63097323525 13569.882137308334
02051000 13151.57743594247 12678.874876634238 13330.595009476132 12466.666318664918 12695.852276374422 12531.639275255267
01021000 13833.341662740087 13250.368119467967 13409.830209811455 14517.542767717729 13787.604250839948 14009.58608287339
02021000 13713.173231905002 0 12953.38936420814 13606.75772797803 13418.061026504969 13306.443074431745
01041010 13902.57697754086 13701.694521186158 14090.273156799241 14523.135204168417 14057.744027695959 14076.119299173857
01051010 14704.708587282577 13944.108374176341 14079.974354122316 13857.762748010953 15399.346464160688 14655.709305887949
01061010 14133.373312167449 13465.164500105378 14927.625834463479 13196.128857234597 13759.842776089934 13949.155104548534
01071010 13226.281196636706 12880.978376376592 13817.177377561255 12767.723352676447 13304.655217877882 13341.811325177008
02071010 13332.291262381774 12945.930830233712 13503.965867863415 12641.749682852898 13088.35220272152 13158.155971582415
07011110 13246.832005512138 12645.974651311051 13021.643573849262 12969.4682219523 12993.525888367436 13063.43624880569
08011110 12953.996122209559 12285.013393926312 12639.302487543013 12698.564638906499 12548.749392250238 12592.094658808064
09011110 12729.537865267384 11405.477800125553 12080.890586388698 12207.341997133773 12314.34084116359 11951.212304110304
10011110 12189.782528430045 10724.212213573726 11736.138894069345 11481.361849855399 11633.411813026123 11174.439055412055
11011110 11708.94563854422 10165.203719453328 10817.481447607204 10919.0692978806 10463.285933987463 10872.572143656227
12011110 10924.466740531054 9969.721351865024 10153.831891715508 9080.839602121916 10103.398053674226 10124.832228655046
12021110 9349.543995084148 9337.197095628662 10063.964789852553 8041.623587127043 9198.431457301576 8592.024504422547
12031110 7163.304079063855 8206.026487660345 8939.01926994994 7095.960527883637 8250.650344947488 7864.616675525909
11031110 6209.009924658811 8106.014157064201 7094.178432652833 6466.283746963 7035.321317210004 6957.875787896548
10031110 5411.8298763592875 7142.0851429412605 6299.3455783425825 5779.959396722004 6237.577419123639 6203.5106269223
10041110 5497.415634871714 6429.833658494972 6355.201420408356 5629.2692295195575 5899.9636674593985 0
09041110 5303.10286315196 5825.67813864106 5691.99335707412 5054.271540155666 5355.752888666847 5427.066465371096
09031110 5675.0196944686395 6223.679188034791 5785.267344043094 5057.098177730654 5757.399117326223 5408.454680701155
09051110 5190.3161335522245 5694.342313854273 0 4674.396203689814 5138.867756940633 5151.79948314578
09061110 4737.28507714277 5124.341190453411 5225.738285112451 4707.334568912229 4758.793177231522 4740.764329129037
10061110 4758.928329750029 5744.534228463481 5834.766687815182 5465.656663122019 5484.852783638187 0
10051110 5340.338928636278 6272.55212418283 5991.835396346839 5496.437717904257 0 0
11051110 5912.720977504666 6736.709626058515 6918.541039786298 0 0 0
12041110 6355.220454487178 6803.054532696599 7938.227708643497 6494.691957614106 6596.157521361113 7187.208584629222
12051110 6462.897114518435 0 7142.489532788032 5930.655503410215 6505.501115842919 6424.614226240984
12061110 5882.050267707789 0 6515.742714644072 0 0 6165.894818533541
11041110 5641.067171591167 7207.399605917409 7064.554690819421 6087.670745928233 6380.508497042732 6615.451326589589
11061110 5642.317830016562 6303.015520481612 0 0 0 0
05080000 12274.39864775561 11373.18798423105 11616.407601799174 11645.667408306033 11607.106052765444 11329.51865513062
06080000 11957.72681322811 10302.706521005475 10845.140736900414 11164.403768523474 11334.9378690003 11529.627121339221
01061111 13595.11597246784 13591.450500741605 0 13924.118819351004 0 13613.72423219219
02061111 13562.727382487687 13532.690680214084 0 13817.244206957888 13666.894966424488 13738.850291997282
02011000 13477.610785888191 12476.486940271725 12843.506384296978 13213.21554832661 12816.651041235556 12845.075946718269
03011000 12764.303926819479 11919.009329436318 12418.280210170364 12202.117556772682 12489.562201712662 12158.893206128318
04011000 12604.059480992802 12033.809362943311 12323.92605519949 12238.321069369926 0 0
05011000 12494.58929669507 0 0 0 12353.664401304663 0
01011000 13393.778225760525 0 13480.728134979257 13920.115343044508 13261.976222860803 13601.410997982912
02061101 12248.64290903392 11674.452362193613 12139.230280917092 10906.217401991316 11611.562062077608 11675.353352371838
01061101 11766.2449016948 11349.637403175266 12781.975610953965 11235.753349214527 12129.380009571132 12244.542653104956
02021101 12039.418008732297 11474.547623532506 10541.89697816868 12142.06191859132 11406.52096840597 11424.90226730315
01021101 11971.096514641415 11540.308144864372 11376.91192134252 12880.34812768019 11902.406660563312 11505.628713348668
01011101 11317.363106951425 10882.648017235548 10956.887872205834 12257.854298976721 11292.79220364323 11209.727935253979
02011101 11163.076144229099 10014.468552654982 10704.037832025506 11492.487250915474 10784.447768690276 10719.242205052535
03011101 10614.111182997032 9728.523537043839 10055.91844878618 10200.146925931955 10212.828454159418 9862.84590883711
04011101 10069.381423871619 9313.457903995255 9750.287473003322 9772.520000769005 9846.15346739079 9691.091731906023
05011101 9669.910034132981 8850.152196501838 9070.424393665595 9206.779154983085 9296.709999347388 9177.703881176243
01031101 12620.035664286244 12089.331635230397 12159.611160362152 13206.984746509475 12770.657920315098 12551.679934660573
02071101 11116.623737051059 11102.109949764805 11648.860251898577 10443.297393504748 11035.8618708929 11090.707321176804
02081101 10237.473031188294 10334.25269281973 10863.79001724643 10239.675288539489 10120.469883375665 10125.794438631
01071101 11026.227663658774 10721.878688860792 12204.41028296474 10517.70200605452 11062.894299530955 11115.24596029623
02051010 14888.956558214557 13857.113471818588 13689.58949748228 13402.269603413688 14252.10131161025 13767.416726363072
02041010 13888.607127660865 14144.239785683432 13706.49297795468 14196.679203403704 13773.050147454778 13827.901371784163
02061010 14102.983014790781 13063.499154258187 13831.235002420939 13018.989305977815 13202.60312170722 13251.138641527788
02081010 12660.833440879773 0 12992.302171965966 12441.011457309767 12555.293363149694 12541.30606096974
03041010 14794.225547172862 13592.27756637315 14091.199719010896 14403.510190358784 14154.689138456975 13944.038505650125
02031010 14291.332540438636 13774.003544954823 14213.719663687567 13620.419294595511 13761.34072013168 13636.75168922614
01031010 14108.556590174092 13505.264414501762 15150.140340323147 13707.670061883615 14176.263302627722 14214.678806260896
01021010 15047.293993869742 14048.264208581248 15725.319043582918 13964.472708659481 14865.951521091041 14664.189916132418
02021010 14721.553952553239 14258.215961200489 14657.39499617904 13589.458472943532 14137.584046026535 14072.400996200096
02011010 15478.813038490869 14239.930907755886 14674.017088997864 13889.037893389272 0 14669.620343925173
01011010 15255.552574815267 14778.848616410705 0 16386.342600788532 15380.050177723926 15601.916538200083
03011010 14695.415276566031 13738.187226388409 14187.551059403097 13975.762248991914 14113.761569973669 14304.619130167233
01081010 12646.057809448075 12451.575022101455 13055.993124182894 12743.88232100141 13061.55344978179 12723.06802612184
04041010 14318.899262640349 13397.9564012114 12977.621550038468 13209.96915882573 13837.459754456588 13529.850626513871
04031010 13092.122986729213 12542.612552229259 13166.712303883318 13536.05402106388 12929.241146181477 13297.800665420467
05031010 13050.396772941258 12341.17073203126 12836.73968157462 13101.61108098372 12780.55197860723 12582.305900552583
05041010 13684.899997402585 12766.455255376768 12666.895051359912 12797.37163078049 13184.306823842364 13227.086049517955
05051010 13022.88328785127 12441.395449021202 13330.59236372663 12268.755239506323 13032.83393525163 12951.31481953229
04051010 13012.296807393515 12925.339873296023 13787.192722056514 12452.327963307787 12994.841709263123 12892.652712694853
04061010 12645.88525728028 12003.228943136843 13135.644297210956 12162.677269955379 12735.61368424683 12585.854949339348
05061010 12680.556590085162 12065.996038728399 12851.462717554594 12240.090681382171 12214.383025310313 12296.063029670027
06051010 13068.337121784552 11802.896376826058 12620.867070277387 12070.994820931357 12391.05154119099 12452.249813179253
06041010 13189.24278443437 12592.37954848443 12246.271608052344 12411.672191429525 12853.635219707618 12888.25658401666
06061010 12505.10758606286 0 12673.885435792865 0 0 12418.394479867744
04071010 12215.978108687621 12046.866265687946 12616.948784306322 12095.818491316943 12203.09496685143 12211.698537728375
06031010 12741.864029124925 11603.71527136645 12211.757053211431 12916.979346540595 12463.508970270774 12322.056704495146
07031010 12274.837332881794 11920.466225765997 11774.708680784344 12272.507080688512 11886.969970931466 11374.016752716838
07041010 12900.365306059957 12011.996552248405 11820.437587175004 12067.574800199045 12463.37190766575 12215.279326732158
07051010 12277.766824660095 12166.73805342707 12553.395723432062 11282.580930184778 11655.850555361949 11892.063259134504
07061010 0 11833.592618036862 12299.33127291521 0 0 11957.735701141486
04011100 13034.027443694427 11852.764588860293 12539.66785699105 12500.939669150172 12356.965122332738 12475.422614990679
05011100 12273.380335971335 11118.288766087522 11777.623451102263 11844.264562745426 11850.938422405789 11812.243689163084
06011100 11791.660698521688 10464.201174222246 11068.79438106311 11256.349483516953 11420.413243987434 11218.119357285077
07011100 11348.277226036387 10044.271659384916 10372.795593412797 10538.448777975971 10605.87815331983 10827.562032710925
06011101 9183.386699617133 8354.992492601956 8817.308065511741 8708.910504392452 8850.640269957163 8614.2342479365
07011101 8775.026682327913 8152.475667707501 8418.815508391684 8429.714130162956 8487.63439982461 8438.421867503092
08011101 8494.034274273441 8128.408311826719 0 8281.120956808256 8174.702974700301 8308.580776663244
09011101 8385.609826808282 7751.903187945364 8061.515763104053 0 8084.775232928667 0
10011101 8158.225487822766 7869.113411078899 0 0 0 7892.699197179655
11011101 8059.152256178089 0 0 0 0 0
07060101 8048.381488763738 8145.500921349245 8444.900366739223 8200.765907814584 0 8211.14695968022
07050101 8750.058237272106 0 0 8305.707070235654 0 0
01081101 10737.942255359718 10073.082376683898 11490.366615458352 10467.141824126104 10616.89014377107 10418.238820816317
04081000 12771.6290161582 12638.72251375057 13138.16174624973 12664.513056973072 12601.143481856003 12607.350210542018
04081110 11776.713896399591 11080.121884342188 12361.094716365023 12011.011995751918 11857.727350953544 11576.479829773374
05081110 11795.989272363582 10738.711318389796 11235.144615044837 11182.325935399364 11156.807091891775 11119.481107124953
06081110 11100.45672233995 9883.331449278601 10692.538745983837 10435.00311745798 10512.87555242968 10579.647076184827
07081110 10477.81367255684 9415.392580823112 7800.644700693459 9909.885241688666 9686.060481042177 9693.677643475301
08081110 9926.22811759559 8758.712203947527 9551.976002296826 9520.611799180873 9597.467150016895 0
06061111 199.8999999999998 0 0 0 0 0
05061111 99.99999999999994 0 0 0 0 0
05081000 12655.91998329526 11413.575679781472 12074.19573009217 12092.104041146311 12445.758818588993 12361.561419611342
06081000 12236.942783405577 10692.755299161534 11623.741188502006 11715.310462644107 11652.71669048787 11676.603844927817
07081000 11372.80126742603 10490.306766522452 10590.25535125806 10366.472043554699 10873.795929007661 10599.007801779768
08081000 11230.371203011542 0 0 0 0 0
02051111 13257.453297955186 14018.02956837814 14562.494025694292 13387.193015388715 13950.822257896863 13680.341036230617
01061000 12830.257639067868 12056.451560638725 12972.45025626838 13530.139743389522 12869.911184583694 12962.367656991413
02061000 12813.82388560656 12512.557836761682 12654.852337055416 12751.047295581944 12533.786760008672 12390.181764832214
02071000 13384.376003419655 12889.142937252793 12411.655718284508 12055.751980888692 12721.954786442306 12653.514516905216
02081000 12599.319582827675 12229.670102561588 12609.502080629007 12082.478872611126 12046.083823183799 12090.817099095668
01071000 13415.822241656208 12780.294985640938 12807.620100435917 12709.013874509652 14009.648324129248 13465.313227072384
01081000 12543.26636742649 12045.123073420971 13273.138237205476 12730.28873022279 12720.103878470229 12708.27116068657
09081110 9379.748830356191 8547.484899144136 8792.829651800557 8787.543757453119 8610.092857822121 0
10081110 9125.377859171678 7743.32144071559 8522.392556170424 0 0 8138.69782962515
11081110 8158.559897066843 7040.869581825471 7615.572946795867 7574.099265828942 7797.821821622982 7631.161536485799
12081110 7841.365993032841 0 0 0 7690.614575129058 0
06081111 99.99999999999994 0 10381.23708221637 0 0 0
01021111 16036.062196279203 15455.123232436223 16909.397874006198 14776.756928945575 15902.888257663515 16019.41738673275
02031111 14517.766984236243 15082.49838430844 15534.479256823408 14618.250726294378 0 15058.603954008504
04051111 5825.692375696381 5754.7485363598325 0 0 0 5825.623507402545
05051111 5731.488943037341 99.99999999999994 0 199.89999999179904 5669.648257472981 0
02081111 0 0 0 0 0 14384.835702135879
05041111 5842.413923436145 0 0 5709.878928454127 0 6499.496083250072
04081010 0 0 12459.356092319675 0 0 12313.906800709243
04011010 14154.721371752948 13474.873463430338 13935.312144344472 13735.853901015196 13771.998563434245 0
05011010 13842.479776468717 0 13327.32609848969 13221.432680467415 13288.57431858352 13403.593670394768
04081111 0 0 0 13550.285857395062 0 0
03041111 14724.993203330512 0 14534.470071397036 0 0 14540.179868483678
06051111 0 0 0 0 0 0
04061111 0 0 0 0 0 0
07061111 0 0 0 0 0 11556.489783047158
05031111 0 99.99999999999994 0 0 0 0
06031111 0 0 0 0 0 0
07080000 11461.65675566435 0 10732.407781869428 10457.886897939668 10474.050548264502 10100.232489754351
03011111 15523.52976488395 8381.336468947075 14617.594702533292 14728.21527929503 14640.734846249494 14604.699036685455
01031111 14686.327698992667 15125.57287719985 0 0 14932.785583253268 14907.877431743838
04011111 0 199.89468680728623 8361.90651789252 8418.621673197305 8464.533037842386 0
04041111 0 0 0 5880.146840800682 0 0
02071111 0 14044.365445381845 0 14189.887757704311 14026.971716985374 0
01081111 0 14332.994245934573 0 14264.174131097681 0 0
05081111 0 0 0 0 0 0
01071111 13848.736457475552 14001.448749449915 0 0 0 13904.431291044883
08011100 10782.882697984905 9492.00758331449 0 10256.203583861134 9853.374575946027 9938.079835097318
09011100 10653.798665156066 0 0 0 0 0
02021111 16108.620142352784 15541.56723657542 16413.708726944613 15050.433641718417 15693.929262205722 0
06041111 0 99.99999999999994 0 0 0 0
07041111 0 0 0 0 0 0
07081111 0 0 0 0 0 8497.550200136093
07080100 11273.253553157285 9763.334160984277 10462.359768663133 10357.632647606228 10884.006125294944 10536.438316798049
08080100 10663.975342944703 0 10238.812073818377 0 10372.780604783913 10359.360666440722
05011111 0 99.99999999999994 0 0 0 0
06011111 0 0 0 0 0 0
---
agent1
actions UP DOWN LEFT RIGHT PRESS NOTHING
09030000 12229.217931038536 11783.652141337028 12383.814236850252 12805.907894786053 12370.755125144926 12312.870662582294
10030000 12358.826294816361 11781.458377237794 11713.504856469617 11961.061573926027 11603.307932705084 11793.012855776748
10040000 12257.142293479435 12895.648814853703 11658.357742247084 12250.364706763465 12403.847563366699 12355.693334230062
09040000 12516.61585681877 12851.574507440648 12446.497465933384 12130.202998029521 12484.054200390618 12262.248011433723
09050000 11881.323191875825 12061.61126816559 12569.515120581591 11167.25941123151 11822.133402097785 12056.405287018963
11040000 12579.538004195338 12019.89394317594 12090.672916950167 12943.766792866018 12382.176014022609 12386.287735686696
12040000 12593.411919894565 11814.717523036137 11035.848045338838 11963.542155920188 12174.304822184895 11988.273653030306
12050000 12553.390921057733 11707.495056710211 12039.401485850178 11607.068165446984 11990.769078217703 12166.543567744246
11050000 12096.034635334143 11963.588072940396 12546.310233906677 12994.47841724178 12562.597303183924 12732.060601392619
11060000 11788.920824063514 11929.619677028155 12564.520928151911 12662.090537789856 13046.862817361402 12665.217324732304
11060100 12091.845279066893 12396.455077714203 12512.37935852857 12739.734492309764 12814.649298306045 13102.990557964136
11050100 11605.449685968602 12846.930692183187 11250.608481352603 12667.413431235776 12716.577967336523 12117.202606370118
12050100 12570.739936738264 11159.415580861436 12054.390979864158 12152.87967210703 11788.989857296907 11413.419528634617
13050100 11835.526555320223 11831.820557290168 11145.376864680284 11169.424745784698 10707.027208969701 11321.464006058814
12060100 12530.410196122992 12062.011797414008 11902.591238087354 12629.670958619476 12316.583350566447 12615.796918405673
10050100 11537.523673823896 12378.784344534042 11267.94375634387 11760.266860491878 11792.244610691052 11510.106124802323
09050100 11788.849449766225 12110.57607003851 11213.384019302543 11415.976678288265 11479.917196333077 11393.754872944019
11040100 11252.933737641231 11859.067081664172 10851.014905654703 12347.720017364461 11782.536101576658 11796.965580337188
12040100 11372.231158416958 11934.639156002646 11047.657263417523 11768.410813544704 12534.099587323048 12081.74337773266
14050100 12423.945696715171 11340.501603766992 10268.742479407916 11204.0124496641 12062.703715310898 11891.70808728545
14060100 11486.745571180862 10927.537053716245 11824.781665852921 10556.979200179894 11424.7987901408 11511.453258086829
14070100 10549.613471769622 10429.624270128374 11447.110187817447 9618.973422700852 10611.71069869193 10745.092244391977
15060100 11542.735871384624 10524.186889695842 11421.27840504861 10234.707149232252 10867.581168820247 10901.091312305705
15050100 12199.462180237082 11680.587825133027 10552.00815033691 10740.041861370462 9785.731818394317 11300.418481860062
15050101 9067.774721059643 9672.447423424974 10275.853903487163 8961.530026703796 9568.438821480802 9798.506364533781
15060101 8795.307590557179 9057.213413047864 9735.395669673993 8489.400914687765 9226.750378357414 9067.041744279277
14060101 0 9327.002235918593 9254.87620180389 8325.321546202022 8737.476181407808 8861.463307248385
14050101 8526.468783228393 9519.63275465798 9358.289223398273 8904.314932486826 9026.21903922825 9047.307835320169
15070101 8263.016844988573 8567.367645912327 9266.194688930342 0 8672.880262398256 8843.408875001742
14070101 8258.025883478345 8749.73469216069 8849.202279921941 0 8169.415475619976 8311.101949348216
15040101 9621.203044821046 10122.38465456147 9315.270066256566 10892.899614595623 10287.68479420134 10343.37598860677
13050101 7870.211412280919 8884.674793439826 8621.733989309154 8460.524587199823 8516.61440024941 8213.686659354724
14040101 9733.190190165089 10219.292149825867 9214.837666661626 9150.754911127218 9689.544733531031 9816.326445180437
12050101 7137.13197841264 8474.067985748645 6992.220108069239 7085.923218584457 7900.193644559355 7616.427900756305
12060101 6586.4328480326385 6979.464404011096 7859.35137752301 7122.983121131966 7372.356310577812 6974.293465634038
11060101 5759.124262436358 6919.951090463347 7204.251040172007 6385.400530107026 6350.441374186138 6478.1533321979
10060101 5578.4521622446555 6475.5613560646125 6056.254051709146 5942.427250810406 5750.495986245225 6130.159674934982
09060101 5572.994797361518 5837.497734157158 5954.227193230177 5353.05521138349 5446.464388752392 5541.543459270048
09050101 6102.937488167961 6400.399631543426 5340.052795838999 5441.481304184328 5983.112214763147 6009.233958947018
10050101 6036.831585303965 6884.643828451297 6045.362198276672 5989.263355092506 6467.4063881016755 6328.956114529251
11050101 6348.908862693814 7716.875894312665 6343.522761985657 6745.928698758754 6927.159503652574 6806.537741818113
10040101 5485.171880672858 6398.564515723479 5753.296899297333 6409.913406259711 6056.434568433061 5957.699031684102
09040101 5401.046518759516 5896.909504035413 5179.537262717051 5886.4075433843045 5449.4540675214375 5235.799070770343
11040101 5869.814844990484 6949.363480368332 6060.233417486975 7061.699927407432 6551.928052744959 6381.21153372414
12040101 6656.319089192968 7002.535238819638 6596.671380210617 7659.851356030611 6994.812738916848 6961.102367781234
11030101 5674.558939393051 6503.961301802012 5966.901853069373 6229.680521601069 6037.583175896655 6187.2197217466855
10030101 5062.789535058217 5781.265965838005 5550.392220779649 6048.232458338834 5496.587347747905 5454.212655999398
12030101 5855.989437095304 6586.948261292098 6023.196270131353 7056.427987752149 6126.00726353452 6720.972791398929
12020101 5504.685124109875 6089.244703721391 5617.416695718933 6563.831767740921 6192.28384368849 6147.26026520137
09030101 5040.705679489922 5576.976093486081 5140.019869245935 5529.604314878595 5055.035049554456 5039.049732142837
15030101 9254.32914094924 9742.704825669476 8691.052423675881 10364.469495233338 9760.794234486066 9700.147721827416
15020101 8383.628695116087 8851.309368164759 8222.889076806427 9198.995936092482 8764.923738868993 8480.013639649178
14030101 8909.192216996198 9761.757946254547 8530.845578124723 9707.637062084406 9065.116627235946 9365.374223576782
14020101 8681.753570082596 8681.933424822135 8132.065474438882 9067.359569340248 0 8393.934896037856
12010101 0 0 0 6447.258238728259 0 0
11030000 11516.07902203656 10840.017196720968 11653.58503335531 12492.17538787343 11768.206041475778 11920.12689708393
09060000 11282.180958972065 11516.627527677905 11949.38665033249 10886.106046691266 11144.766567379078 11147.609875130262
10060000 11106.292480198905 12067.857905034887 11851.519753236576 11694.304320145653 11792.651355265954 11697.171726879427
10040100 11307.447359112846 11862.470290029514 10440.730990084576 11967.48518906755 11266.118381750242 10771.809635670028
09060100 11691.064916500693 12087.57545571606 11783.35819576939 11301.839364243873 11525.902638428617 11171.088300453495
10060100 11268.27860815468 12642.97706376191 11699.196096978589 12099.226884864387 12300.073567817657 12019.927101717316
14040100 10448.65817449328 10960.057533063144 9737.61640876958 0 10411.61533304363 10490.441318206158
15040100 10066.062692417358 10657.921149635251 10607.116487798121 11584.490750117495 11161.786198169535 0
15030100 10084.96181781094 0 10461.779969627187 11232.261813499656 0 0
14030100 9730.783661152818 10572.566164970662 9392.22775669514 10149.394491164578 9604.990003975807 9995.8317038478
14021100 11206.211154184617 10601.065445530017 10958.273044801288 11911.29888424401 11222.50913837275 11286.893842930913
14031100 11187.01098398236 10440.849660122345 11387.518764297216 11598.110560615296 11100.428027941532 11266.027434373158
15031100 10927.259090596179 10603.582137242105 10829.054590628295 11291.717681768321 10725.577432669434 10731.186143636758
15041100 11880.448078344076 11334.779960239646 10604.896126119867 11301.328412932708 11231.186289343654 11490.47981580013
15051100 12127.555207593965 11443.166376296314 11365.339566308621 11175.444627983215 10751.807347698414 11663.110032773331
14041100 12224.835679410073 11264.092034044346 11199.710563862838 12265.680519001744 11856.217219296734 11951.524934379355
14051100 12487.875668308337 11461.664039250529 11805.029202916656 11847.840500475822 11740.12653613783 12746.686187034073
15021100 11412.245076763553 10647.817385366398 10086.323358098713 10873.834494180936 10791.260331706517 10835.526179555964
15011100 10926.389257309625 10449.883293341118 9777.52493871673 10835.025583942079 10136.362715023271 10395.591114735933
14011100 10799.915305471237 10355.492216945091 10751.90090557501 11434.432243586225 11001.25273337735 10960.554208594876
15061100 11829.784843961537 11146.455552687268 11698.6213545461 11486.771432946864 11113.099178576798 10676.095171470939
14061100 11733.96121963476 10976.95532657164 12373.618035968295 11683.659714181336 11381.697654452433 11805.163148634325
13051100 12847.92954512778 12283.142757816471 12191.214794719057 12485.029535060516 13122.56700957424 12630.239509938143
15051101 11390.392191385214 10470.721472817428 10290.933512659121 11204.377454219304 10877.023099288228 10843.014697723926
15041101 11138.822790376189 10209.836068533144 9388.444811901756 10759.744096107597 10175.092281602747 10083.490160622112
15031101 9566.94779435859 9538.165835494283 8627.69586938779 10199.996911703423 9349.324587237865 9443.13726398765
14031101 9827.89554749906 9291.905732489497 9822.256727383969 10829.69976290823 10154.140803369934 10353.826829660919
14021101 9315.332915154908 8780.46139848726 8971.730580679723 10310.777571267605 9408.13354948054 8973.917781113223
15021101 9272.639751498213 8811.246995790021 8161.222772769199 9354.946475714412 8635.564605007969 8662.34515042826
14011101 8776.255159101722 8382.017218436062 8519.158973061107 9522.252787356443 8489.26522376467 8827.483976153373
15011101 8974.123120606544 7142.200954595466 8438.732495775012 8879.587847655437 8223.64765174118 8217.803659033802
15061101 12294.136350592253 11331.908765816448 10945.419915212045 10847.229062972869 11769.97336519241 11311.687559113823
15071101 11358.644523526538 10613.19056175336 11337.902747315331 10490.115557318619 10683.362004235489 10838.643307292858
15081101 11086.594546358752 10583.280792973273 10835.474785687904 10603.244496068995 10487.829877496024 10482.60330772305
14081101 10177.653340582592 10142.742898059354 11616.960321536973 11141.318445590428 11093.874818662001 10894.376870624754
14071101 11597.828920122669 10679.777345502778 11935.617721047489 10867.789188835539 11518.718799613587 11476.7671257092
14061101 12908.490910095243 11358.613298322489 11637.395222796995 309.31913664775016 12099.52957203224 12414.122774767946
13081101 9632.832195372623 10911.724341052626 10127.517993427098 10303.189852401207 10446.089355314152 10268.389712215392
12081101 9292.155941345849 10156.341942059587 9604.339761218767 9622.787944294609 9652.91131189177 9708.744403880024
11081101 8903.724188083674 9663.378538625037 9280.042192348432 9468.534709570615 9385.490596991758 9277.497419645508
10081101 8486.638231055038 9294.292549789843 8825.50817554306 8992.617410389887 8701.93653416103 8880.733592192963
09081101 8142.9903022612525 9056.427310240397 8511.401339914275 8687.711905167182 8745.812894385774 0
08081101 7469.962556929527 8599.698362018336 8146.307312635855 8115.445883824214 8033.64039951162 8107.55156349547
07081101 7032.124711123715 8128.353312417099 7669.599807914625 7714.661114890393 7631.521698654858 7661.452864687844
06081101 6700.391265723319 7531.683235014523 7140.497583578103 7147.010310502652 7149.989148707796 7052.69756065265
05081101 6560.656523184275 7213.101037349108 0 6962.451796314477 6918.887416480543 7019.50906182577
04081101 6655.844025831579 6962.501823232314 6013.8596069959385 6642.871364725211 0 6686.409102124824
04071101 5945.500465485339 6051.154254724344 5274.303923961877 6334.976903504978 5936.5083639973345 5870.785400101907
04061101 5260.685860786049 5110.2008670854175 5283.929844999767 6029.9936384273715 5493.672367536953 5824.891672383568
04051101 5174.731761155035 0 4648.206663549394 5666.065545321352 5267.041431080129 5338.434367044054
04041101 4120.956626568939 4102.731574100417 4226.621233551992 5178.668897603702 4694.66846656665 4645.197025727863
04031101 4196.42433903456 3634.7237901872127 4168.91635738352 4680.364230117568 0 4295.086495564072
05031101 0 3736.2002790081087 3941.3677148552497 4329.969453702738 0 3972.752272798669
06031101 3703.7627415043576 2888.243474198697 3627.176689983515 3981.02508582563 3582.1474349373448 3603.1588413290574
06041101 4360.044413815122 3738.55430967395 3711.9678734475174 4378.62232572671 0 0
07041101 4049.403901752584 3596.9114832914506 3215.1793248084005 0 3606.008114015725 3705.810314696636
07031101 3695.4369694224765 3120.9779953307457 3295.5077978278664 3497.9886260664275 3305.0778703965207 2981.783553943443
06051101 4733.620552919133 3689.151239029303 3912.184953953696 4465.425190036966 4340.508105353191 0
06061101 4996.833160234176 3819.9574189872587 4170.09223065361 4504.613066322326 4427.977285054781 4348.251840903671
05061101 5570.407457237594 4307.809261021035 4768.229045700245 5039.487669148273 4838.066499728995 5002.723423160499
07061101 4288.621028568556 3724.664309945761 3623.3190882554986 3841.5129240109045 3664.7433714834356 3655.4548046875743
07051101 4034.8384750496493 3592.188155702041 3424.3058550343662 3766.606883917313 3542.3723187455575 3608.429530659623
05051101 5266.762566668215 4468.327598794551 4430.831651029207 5157.380852562264 0 0
05041101 4461.342517797088 3949.2432211394084 3498.5348589615073 4738.508765994779 4070.8508674421023 4287.52261376759
03041101 -0.9999999999999996 4441.947227015573 4097.118549856333 3977.657335080173 4173.390722866127 4026.9035861712205
02041101 -0.9999999999999996 0 -1.9989999999999988 0 0 0
02031101 -0.9999999999999996 -1.9989999999999757 -1.9989999999999988 -0.9999999999999996 -1.9989999999999961 -1.3989999999999965
01041101 0 -0.9999999999999996 -0.9999999999999996 -0.9999999999999996 0 0
01051101 -0.9999999999999996 -0.9999999999999996 -0.9999999999999996 -0.9999999999999996 0 0
02051101 -0.9999999999999996 0 0 0 0 0
01061101 0 0 -0.9999999999999996 0 0 0
01031101 -0.9999999999999996 -1.9989999999999986 -1.998999999999998 0 -0.9999999999999996 -0.3999999999999998
01021101 -1.9989999999999808 -1.99899999999998 -1.9989999999999095 -0.9999999999999996 -1.9989999999998767 -1.3989999999999925
02021101 -1.9989999999999712 -1.9989999999999988 -0.9999999999999996 -1.9989999999999681 -1.9989999999999988 -1.3989999999999987
01011101 -1.998999999999953 -0.9999999999999996 -1.9989999999999242 -1.998999999999966 -1.9989999999999637 -1.3989999999999916
02011101 -1.9989999999999974 -1.9989999999999988 0 -1.9989999999999988 -0.9999999999999996 -0.3999999999999998
03011101 -0.9999999999999996 -2.9970009999998135 -1.9989999999999963 -1.9989999999999886 -1.998999999999998 -1.3989999999999976
10050000 11877.453874247001 12639.410155589172 12433.69779793254 11824.823847211906 11702.211128140161 12131.527741110207
12060000 12645.428737589282 11911.88626475937 12215.008182234882 11870.865789796952 12110.178004264228 12138.49277323774
12030000 11585.900603608663 11117.247575923106 10179.124989766373 10429.122729737779 10939.281064549743 10893.036273583122
12020000 10283.891162803795 10008.57354099766 9192.369482400818 10737.446819367435 10387.17703802245 10290.16602988527
11051000 10975.381364594796 10471.023893790854 10832.279290297534 11816.235715358025 11408.314104207195 11305.262051825859
10051000 10243.193423315235 11434.181619074252 10023.2413808432 11562.044065908312 11043.055709398817 10834.99006235153
12051000 11364.811355891425 10890.813287517107 10226.182651863757 11224.22908328194 10814.314654692438 10647.716817755496
12061000 12175.437192538997 11555.08105268655 10691.282076900825 11358.403389039331 11544.653877956152 11335.273956840829
11061000 11237.932699559271 11442.18257467457 11373.642398371296 12161.173845767245 12642.979192168581 12286.912813283212
10061000 10794.972315444791 11959.677046443057 11020.564113985825 11350.304453857665 11299.168913299789 11598.844853600214
09051000 10467.345045948803 11069.328152169566 9347.367035755897 10670.9623658569 10255.960001629595 10230.03612253434
09061000 10793.796832459198 11420.714984902155 10258.720541935834 10838.728775784468 10879.758889804336 10652.908628456818
11061100 12152.78238845422 12605.823395012498 13186.593286185342 12810.206728717549 12663.73396844426 12561.372376467667
12061100 12449.316219449793 12554.769578495338 13035.189434328078 12556.654836090549 12476.22757924124 12272.542065071397
12051100 12863.852736560655 12559.496235883906 12691.15792234491 12728.905903364837 12900.114462315662 13303.054029567893
12041100 12235.42365551523 12437.727214066466 11891.730200036893 12848.731585527363 12399.501579935237 12327.884760531728
12031100 11177.592757980286 11925.271792563986 11621.343218186565 12164.031013909424 11727.383820259387 11665.37431764551
11031100 11198.85450309755 11914.488216883838 11413.849538379183 11855.475851640254 11251.45062669511 11657.526687863407
11041100 11636.32850780807 12205.675422027885 11538.509304274326 12904.342850380153 12457.07859744223 12386.433032844372
10031100 10557.512963991767 11507.373073666915 11218.689101080308 11623.318810996294 11089.603239874708 11099.22421677332
10041100 11206.49545141166 12553.615148279785 11149.075593951162 12294.619331126283 11735.272734711638 11448.388886162767
10051100 11690.929798295669 12773.37135053424 11821.060866921935 11931.604415147815 12305.372934621097 12375.20794248527
11051100 12340.985262543338 13244.67840360418 12409.857061153176 12646.81202746787 12938.767254526341 12776.979267055192
10061100 11404.097688391983 12722.905780213101 11945.117506148155 12019.84593510995 12101.761195151026 12053.372833742484
12021100 11195.628840098127 11193.987708684555 10403.76412304308 11774.51664038681 11252.06608033931 11311.366008725854
12011100 9962.204498005658 10677.980288409322 10429.331742789747 11200.443770547192 10559.320163611212 10406.604159494473
14051101 10737.64473311956 10971.390360293397 10838.125766439225 12221.682431908634 11760.148847538267 11198.771304268292
13051101 9823.850448426116 11666.244438038242 11034.354928496212 10982.530262885588 10881.127024433043 11180.80359281249
14041101 10743.562439212064 10133.810984714026 9667.00547200074 11602.095514121062 10865.68132740922 10670.223099874765
12051101 9173.734005344006 10759.145797809093 8701.594310556131 9047.233689735986 9805.016090336707 9926.896032416078
11051101 8271.561804366936 10028.667710681602 8287.121450555866 8459.580874975007 9379.707314679948 9104.559778762592
11041101 7939.205486100226 8790.685102311123 8040.0549748908015 9242.744529097277 8613.596408554304 8503.250448370109
10041101 7405.5425908869465 8597.59316414488 7497.02874028265 8552.391290799002 7749.558926351295 7803.534132437105
09041101 0 8115.134371607807 7202.357972962624 8051.373434736625 7704.4958026915065 7716.476499342011
10031101 7146.134824564631 7942.729122707781 7346.382944704428 7985.492324264411 7271.0915625074895 7529.589145964698
11031101 7402.67709922288 8446.306499886872 7948.593344268424 8491.781889128704 8064.070891370095 7855.064664826767
12041101 8588.620003731743 8867.337479348113 8412.311658301795 9644.583610746075 8943.664828452329 8700.320865079626
12061101 8337.69980358987 9081.645354017413 10188.7336341434 8980.360716169977 9297.180983444588 9166.819566580525
12031101 7971.243041545024 8444.612774064344 -0.9999999999999996 8935.215208489084 8004.925595680514 8170.904229458296
12021101 -0.9999999999999996 -0.9999999999999996 -0.9999999999999996 0 0 -0.3999999999999998
12011101 -0.9999999999999996 0 0 0 0 0
11011101 -1.998999999999994 0 0 0 0 0
12010000 7706.145876048363 9269.198256977546 9022.17616789928 10253.479348859082 9434.121041490707 9653.62848116531
11010000 6826.561449815976 8455.443187611076 7463.908421096089 7429.578339788386 7388.52035042933 7646.173851558177
10010000 6310.009676689861 7496.8478705684465 6871.988949792502 6862.402017023834 6966.166739958859 6673.863184720556
09010000 5412.807389260201 6865.614149542615 6561.976045823828 6264.390970978369 5922.514688525459 6271.372421871671
08010000 4649.800716480711 6090.993668802571 5364.491855625518 5520.832829912869 5466.577740212634 5441.119309387208
09041000 9469.40778560404 10171.938970360863 9309.223657700739 10193.547333993885 9645.652307140497 9538.686347878098
09031000 9271.677499800096 9847.958422332838 8967.41854016396 9291.231729838726 9047.5565053123 9163.971761171966
10031000 9068.578826160841 10366.73868444049 9763.203089888792 10511.419566038052 9622.283156252404 9606.247196160903
11031000 9695.490352840661 9349.584386170367 10259.212770221608 11003.604509065482 10437.709144205572 10311.10499784472
11041000 10259.206425574585 10064.383865507305 10042.884091499483 11527.774195890232 10940.703566737968 11060.829561106946
10041000 9564.930540253748 10767.689657319792 9834.244067043282 10977.481735265066 10298.950320013422 10380.180725488419
12031000 10360.776741649417 9536.024200814263 8857.119723531607 10193.191299339192 9602.992907340584 9505.11802033941
12021000 8861.599367950968 8963.180062578671 8395.336803042983 9422.81515908887 8771.058428531922 8680.98299245772
12041000 10901.9981793701 9897.7858008268 9880.907868851402 10643.61157311131 10089.368986133493 9795.13861590148
09061100 11498.53542979313 12171.156437893052 11736.867406790288 11539.805369265705 11753.937203075933 11198.156081394076
09051100 11521.481930536956 12345.075147398325 11000.99838980438 10882.251402986029 11570.556199338076 11732.375201510815
09041100 10903.456232170069 11459.88760995414 10256.652934173982 11801.72001622705 10874.017619835664 11089.312133124164
09031100 10149.610987625114 10708.690856310432 10445.86822304279 10906.25052131226 10342.996909512458 10192.775688310332
11051110 11970.880345703528 13006.508457659846 12204.05967201792 11895.229109572781 12325.244105629212 12490.574127422607
10051110 11522.311384145947 12647.503805846398 11587.97392923902 11419.128168205461 12063.478086131814 11874.898929849172
10041110 11015.8242988815 12226.674534767832 11176.15507941091 12094.51373758224 11797.35989415894 11686.240910447712
10031110 10628.280482686103 11644.23075008545 11091.17258504823 11655.582724233229 11124.271791154039 11121.10605353888
10061110 11196.764848642493 11976.118929282704 12097.538972310158 11592.707586147824 11603.059940090157 11384.741208817792
11061110 11409.930062769217 12395.380926800408 12418.38415799218 11958.430461259351 11967.001525626481 11763.869573488282
12061110 12062.023481460503 12274.767475096267 12749.703684189757 12276.43234600943 12471.451380283257 12290.71306868643
12051110 12640.918507245799 13394.209186909195 12790.992609881225 12462.579035618772 12911.616273190079 13054.818038955264
13051110 12987.322757699994 13433.669831241583 12990.126017049215 12848.408985373571 12938.134013538556 12950.161358567417
14051110 13014.169998292797 13469.008490719028 12442.336793412862 12755.446210633936 13073.107044838152 13088.277440781609
14041110 12453.356002367798 12619.10630001702 11743.295625373814 12749.075702744154 12338.811594458579 12328.1733670277
14031110 11784.521894513751 12052.98966607393 11342.074139942582 12399.647810204035 12020.273600430306 12050.17345862452
15031110 11885.745617580023 12125.07934257578 11347.262084288604 12567.852754859305 12171.780916032072 11995.287363175186
15041110 12231.110779103648 12638.965345685812 12009.267092291648 13241.757887876463 12744.2563579934 12536.083068809745
15051110 12912.723444497848 13145.816715117486 12822.275050945624 12652.763420169584 13505.86708646104 12998.92126464935
15061110 12627.67870537339 12599.000560778493 13087.26969105655 12024.455670174731 12533.063443141027 12608.056210981373
14061110 12378.734890722026 12455.990174974342 13081.924983211504 11759.004051446105 12624.786467633101 12526.540174148113
14071110 11758.996753220481 11990.707107874176 12433.253954817634 11450.103100557097 11893.142808956913 11978.248590111249
15071110 11840.949979426854 11960.159248779642 12446.668704541142 11350.603521312196 11828.522623589866 11980.97924081166
15081110 11222.480020386667 11280.973318472932 11799.473664187575 11421.720664248514 11326.854785940357 11364.145340614496
14081110 10740.299040073025 11389.311371587786 11879.554295702019 11535.983317586213 11435.5051468494 11409.900080801504
15051111 13542.751381511898 13207.639979597561 8355.001451441105 6360.996978690466 13305.713272601217 13225.800949394783
09040100 11421.22623902877 11139.901448533526 10615.541468812788 11780.775961984256 11411.516014976536 11376.36661952205
09030100 9712.81965323382 10666.954999060363 10718.881908918593 11198.017669427232 10653.168199946995 10694.931595677333
10030100 10123.544036003319 11073.806121784137 10556.931856002253 10920.326987813556 10475.878646509605 10441.231728032362
11030100 10115.21379881014 10902.578520746822 11348.46293069721 11663.205608677705 11224.696573940233 11100.157753643096
12030100 10815.811024145323 10940.448960356469 10441.501797870395 11829.963562738136 11290.505623727797 10996.473429338377
12020100 10274.551053319205 10788.70710281635 10636.334749362151 11218.90998088849 10523.897880807233 10399.866777964546
15070100 10364.838865227384 0 10790.387366130159 10909.48677357777 10525.025094957233 10386.746196172093
15080100 10092.772827883382 0 10720.075424401335 0 0 0
14080100 9042.374122756268 10273.854773304569 10138.70524908498 9330.461106033186 9647.049360897188 9610.543973032698
14010101 8734.849789888207 8342.192804983462 8077.637517286165 8554.562402521076 8161.858863936428 7758.121217893977
11081111 0 0 17585.572274582002 0 0 0
15020100 9560.821361436423 10739.166136006741 9821.275390504108 10246.28807541477 10146.817040454636 10044.406215341787
15010100 9056.126298576555 9329.47856736655 9683.66258207225 10441.991721978326 9464.527285508973 9884.064320581321
14010100 8633.637039165133 9587.064650896986 0 9604.07255109367 8886.05008647189 9212.48333479024
14020100 9532.939671602826 9994.782334295847 9036.577566491998 9776.824455066093 9134.204469139195 9478.933387793722
11011100 9085.324969698197 10688.853381409084 10048.444910387203 9871.155443634954 10115.162538413464 9750.56619961081
10011100 9102.36206956819 9988.015654706525 9406.036857825413 9305.369553556891 9204.615034088918 9233.155757529494
09011100 7973.594689169825 9194.12306932482 8488.128717329873 8574.935670443103 8505.38382491869 8528.691458107216
08011100 7216.641756075727 8864.572390462059 8133.8633034234235 7970.412645096461 8064.879632077418 8028.460658493622
07011100 6145.446880654893 8232.78245593893 6791.9178351245355 6854.140101886864 6734.724356047733 6710.428762489764
06011100 6759.083421155568 6902.695098329803 6028.385975611744 6104.330252509365 6119.095014880698 5897.846100318675
05011100 5123.5385995166525 6231.777702138217 5709.570142684778 5699.7047464390735 5851.655890115725 5731.998751944914
04011100 4644.363268197122 5705.139004683287 4941.772882594678 5023.090682351256 5207.76329435475 5235.554558350241
03011100 4014.16570734499 5319.119080216627 4840.074921641535 4617.168930367319 4622.977499341533 4575.888422581291
02011100 0 5017.903183989937 4690.906964194948 3616.3013316056 0 0
02021100 3851.203517278119 3587.2295509208375 0 0 3509.860605025449 0
01021100 3776.1129274149607 0 4145.7370488076795 3459.1765626412807 3813.5822603221095 0
01011100 4131.010051770847 4532.140621326349 0 0 4126.374453772569 3983.2919790921674
04011101 -1.9989999999999497 -3.99400399897128 -2.9970009999997376 -2.997000999998189 -2.9970009999985776 -2.3970009999954875
05011101 -2.997000999999659 -4.990009994590851 -3.994003998989965 -3.99400399899383 -3.9940039989950797 -3.3940039989752466
06011101 -3.994003998987842 -4.990009994626908 -4.990009994728223 -4.990009994934681 -4.990009994836602 -4.390009994708938
07011101 -4.990009994826384 -3.994003998931235 -4.99000999470984 -4.990009993893521 -4.990009994646973 -4.390009994504173
08011101 -4.990009994716825 -2.9970009999962333 -3.994003998942034 -3.994003998948689 -3.9940039989535983 -3.394003998860639
09011101 -3.99400399896857 -1.998999999999842 -2.997000999995812 -2.9970009999975225 -2.997000999998886 -2.3970009999992854
10011101 -2.9970009999991043 -0.9999999999999948 -1.9989999999999153 -1.9989999999999726 -1.9989999999996315 -1.398999999999878
12041110 12235.651225347356 12695.58217433464 11964.156939000532 13120.853472106855 12497.755377198913 12633.562213150908
11041110 11652.549345713618 12607.697062735655 11426.634321329879 12472.035782220015 12083.42284107099 12027.77304635238
09041110 11120.673608391373 11698.421979118035 10677.327012619266 11422.982945967335 11022.103257675706 11142.48084984914
09051110 11435.885689605208 11941.36078129256 11159.541514928356 11009.570781937531 11456.470824211483 11220.139646522643
09031110 10516.54137292342 11044.80379868572 10641.000925211765 11025.654162199211 10664.803151253338 10736.512755330396
12031110 11665.345823929965 11933.951082197704 11557.120696124002 12622.691598902093 11755.644362260715 11743.483231851722
11031110 11103.60517932058 11990.003430399742 11406.144501633626 12176.793625582646 11670.379182878542 11681.790493523882
12021110 11448.418422477269 11567.3930448579 10592.411190095154 12251.165663935739 11531.787179316489 11588.907565244539
12011110 9939.45515611036 10592.635824959421 10391.874450840814 11126.15562806604 10590.27943905807 10682.593476339667
11011110 9598.057626212765 10624.288112269554 10202.072268683954 10343.448572761821 9847.684821366764 9942.125003017367
10011110 9033.647836005552 10188.95446637797 9610.063302804738 9591.19095076302 9507.130537880827 9472.772446062232
09061110 10876.170444614763 11563.134859006987 11464.14756980005 10927.422272061563 11038.770787893824 11136.914358690701
15041111 0 0 0 0 8448.839926451716 8458.339559166052
12011000 7279.009946165431 7936.60282882627 8429.18889863983 8954.306021294751 7854.5993890524705 8105.675156035388
11011000 6373.907001316642 8361.445796064418 7490.327112054754 7469.807434944486 7374.921116888602 7769.901071803866
10011000 5752.503319546558 7111.907736636141 6457.060057061929 6650.2447038923765 6662.680175316647 6728.0838815574625
09011000 5342.338872611153 6616.418251369149 5968.1262960790755 6155.148598232113 5729.246685448263 5963.080019631422
09011110 8225.435706781713 9629.961074218287 8868.971562533929 8985.528502689674 8817.86381033757 9222.439384062043
08011110 7759.8503828253715 8873.36369971607 8433.676161135221 8403.30520369564 8208.548421802734 8284.277861192664
07011110 7183.683613172356 8147.595944778331 7693.773419336188 7732.8950289429695 7749.350837206934 7736.826482157736
06011110 6434.739518086431 7685.007483442826 7207.16567076554 7350.026476724284 7229.2583413257535 6936.547339000154
15071100 11286.782543342753 11246.438411849207 10999.492333865506 10956.169485642631 11557.8977641621 12058.196901853427
14071100 10817.365257170617 11258.350185951815 11791.437120022923 10537.461413384583 10811.978389869282 11144.244313643416
15081100 10511.542593368005 10806.740066821045 11365.96033369935 10995.5167872105 11025.453226625401 10908.351279221704
14081100 9760.563977371652 10536.163125382138 10976.817351833433 10442.526554443906 10228.130545247393 10441.35690476347
13081110 10058.875983489866 11310.846229165618 10945.969295293693 10766.56836220376 10601.677525560865 10726.543569574385
12081110 9644.54134313416 11009.95453659815 10443.227998129862 10398.111288533775 10109.556627420347 10369.802722449362
11081110 8543.373047909996 10165.657256959385 9474.16623566742 9220.098982989814 9585.845878057895 9600.543075887263
05011110 5970.095411354208 7378.609132232383 6675.540904162568 6608.299127387226 6791.0159249366625 6868.460205241364
04011110 5514.210640197045 6752.519374781201 6168.104404376069 6169.8526743072125 6097.750508518073 5847.310715329131
10051101 8208.574108064226 9249.063512531076 7894.416327868702 8097.300035900981 8279.790304271428 8148.568246441074
10061101 7690.529429126811 8584.925626775872 0 7890.77366402312 8145.892939587223 8175.5522475933085
09061101 7457.3556451901 8055.247167204827 7966.581475960762 7572.9780539409585 7526.353259384836 7536.648958607112
09051101 0 8671.603115882102 7779.629059842355 7589.260274564358 8188.099722339755 8254.724016854792
09031101 7226.107399656548 7473.079204554199 6974.472600573546 7733.792303983268 7122.641827737389 7206.1243742472325
11061101 7999.024131082059 9015.64683334246 9188.293865642085 8502.095283781258 7876.609479569508 8544.553515118088
09051010 9599.324793682898 9973.439467366246 9367.111984874668 10195.65704918846 9758.165363339738 9543.87062076685
09041010 9669.064815883587 10040.750344041484 9123.24309421998 0 0 9639.466665239119
10041010 9202.81757086113 10102.941423675229 8995.005008108425 10503.06154863776 9792.46720221018 9990.988889991837
10051010 9545.463358150657 10869.605506599293 10086.948634879393 10659.159861149248 9958.67121960836 10502.76816705102
11051010 10318.254191729802 10290.796182120406 10165.356445689462 11512.053166076468 10892.144673591485 11171.07607541547
11061010 10681.83706883774 10784.448705672514 11181.724024515597 11484.454490985258 11887.370848209926 11529.213711182272
10081110 7913.638911077136 9474.973186504763 8645.234306878165 8881.736069226958 8949.027087873621 8776.888921339872
09081110 7584.7189478253085 8797.269478122835 7929.359119725576 8157.890639439606 8219.345646071819 8114.779930831458
08081110 7056.254066116587 8115.837632084536 7498.251434407709 7437.958729570283 7533.509233226154 7485.992794999115
07081110 6503.279452796844 7491.755549114229 6917.764919114632 6848.244834016355 6812.962312859439 6981.292723387139
06081110 2230.1597055361904 7158.758368217835 0 6841.080837329487 6741.035378741101 6761.020664378803
05081110 2417.9083149435082 0 2239.8463133784526 2137.4724607388407 2226.5325231401644 2302.996701661754
04081110 2409.829747052018 2169.381608343839 2536.3742815392766 2352.277576950648 2287.010341953647 2370.8458034668447
04071110 2557.785085952397 2459.2035998389506 2669.792229502395 2404.568571932186 2507.9376279198123 2540.822297475856
04061110 0 2631.1813281641603 2902.9819976584913 2630.4452017544427 0 2745.0604836096345
04051110 2996.781209024674 2486.0181740396906 3195.819112155433 2737.8524996320657 0 2895.984882334322
04041110 3397.8872542761283 2621.5712677981364 2907.5926463188607 2935.6291029543063 3079.5769702393286 3095.4757542949874
04031110 2999.137848354677 0 2936.8767392444315 3236.981618203248 3033.6322417753145 0
05041110 0 2526.3636233361317 2866.961874284944 2504.795321889427 2538.5052647286566 2657.1832915000905
05031110 2994.9225673596256 2701.0864569810956 0 2646.4410665096657 2820.561553804445 0
06031110 2854.9547866782514 2468.761700017793 0 0 2711.215914164068 2630.062214137311
07031110 2548.696927776647 2397.367826335239 2316.752084796111 2310.7049999796814 2414.647705391364 2405.77686523051
07041110 2573.9243826469374 2359.515427036093 2426.2499013865026 2233.536669178455 2331.4533622566814 2331.844990347816
05051110 0 2419.873733451045 2760.5939758125255 2658.716281543932 0 0
05061110 2736.50023977307 2298.8963119549603 2570.003478228352 2588.594503146311 2614.684916211438 0
06051110 2507.4722796867463 2249.700881967594 0 2291.5586695054726 2370.6792113921324 2348.549395841009
06061110 2481.737008192012 2037.8043029397393 2313.4152904101065 2229.692365064549 2314.0056286204817 2299.358817690817
07061110 2304.8078364401945 2087.9975799272634 2188.912858413315 1986.6290417359671 2010.2685830044734 2054.529434272762
07051110 2259.2416931185635 2150.271836827193 2431.829818622001 2044.5294681976945 2290.6145593210217 0
06041110 2761.1840174731833 2468.3491303381606 0 0 0 0
14021110 11160.547170630343 11393.93017377058 10557.315380232667 11815.997797203052 11189.92856625941 11180.072700842637
14011110 10566.383525792897 10984.793634418615 10559.458674467844 11197.693261597271 10390.873589949912 10629.902649209169
15021110 11132.465138298698 11518.280755849362 11120.306511849358 11967.74978142642 11458.608324137425 11496.0684947713
15011110 10593.090388014392 10917.745471208778 11005.339556484976 11523.27810070491 11013.607180024524 11178.307383112991
13081100 10285.00383209425 10391.566765826139 9691.640524570455 9895.292743110938 9885.393237938273 9797.792675290066
14051111 0 0 0 0 13489.746844311687 0
12081100 8397.935082464814 9864.7595004358 9251.972745287429 8988.605899999646 9313.4025757556 9134.885367169025
11081100 8186.742581605589 9085.144486415855 8474.641967289677 8256.398169511263 8568.179575621592 8419.044730022104
10081100 7637.767440978937 8496.468122547149 7713.852693729973 7739.743795044227 7922.343385873014 7779.089125610469
09081100 0 8191.507405231056 7948.345060456292 0 0 7827.121797833221
01031100 3439.1061443736794 -0.9999999999999996 3702.0299859529687 0 3409.8666057924756 3384.961269360494
02031100 0 0 0 -0.9999999999999996 0 0
02041100 0 -0.9999999999999996 0 0 0 0
03041100 0 -1.9989999999994081 -0.9999999999999976 -0.9999999999999996 -0.9999999999999996 -0.3999999999999998
04041100 -0.9999999999999792 -0.9999999999999403 -0.9999999999998097 -0.9999999999999769 -1.9989999999923782 -1.3989999999727587
04051100 0 -0.9999999999999996 -1.9989999999997219 0 -0.9999999999999996 0
04031100 0 0 0 -1.9989999999997856 0 0
05041100 0 -0.9999999999999996 0 -0.9999999999999996 0 0
05051100 -0.9999999999999996 -0.9999999999999996 0 0 0 -0.3999999999999998
06051100 -0.9999999999999996 -1.9989999999997423 0 0 0 0
07051100 -0.9999999999997885 -1.9989999999880501 -0.9999999999999744 -0.9999999999999958 -1.9989999999914367 -1.3989999999729748
07041100 0 0 0 -1.9989999999997121 -0.9999999999999996 -0.3999999999999998
07061100 0 0 -1.9989999999997343 -0.9999999999999996 0 0
06041100 0 -0.9999999999999996 0 0 0 0
07010000 4102.539626186557 5526.600934492766 4982.975131714698 5111.338715985403 4634.194750312018 4917.7160170625875
06010000 3959.98495494439 4643.542998505874 4290.599614915117 4296.6536262866675 4126.877119450919 4274.45184782841
05010000 3608.1646540885145 4339.290276644667 3768.0489205317913 3969.670072731837 3918.8424634299618 3974.12554830804
04010000 3023.0284694793936 3967.8783950123825 3692.7894686746035 0 3766.0428457819594 3743.311917223099
03010000 2917.303442358515 3686.8276421405744 3246.658959931197 0 3175.8255991333112 3237.7809316901657
02010000 2481.5488729650974 3307.316595558524 2799.9308638428856 2623.00102464958 2833.8886943631687 2969.2343918582674
01010000 2663.480614590918 2908.948500699286 2652.504222344067 2483.190674940219 2547.234404765769 2625.68590864588
01020000 0 2738.253802920253 2721.4492679279697 2425.3727229401716 2576.8193000377455 0
02020000 2423.025690624326 2638.2396191439448 2900.9835253423817 2334.276258587964 2659.0880021380613 2683.8119517816567
02030000 2319.3916473306854 2254.7407923331803 2504.258829204515 2091.6438840828837 2359.7031062183464 2347.183022659537
02040000 2235.781567066417 0 2267.1652089124186 2108.1249696752684 2103.6761032752897 2121.8061631826204
01040000 0 2215.805146756538 2518.8108925400065 0 0 0
01030000 0 2433.0703821313773 2635.7379305148725 0 0 0
02050000 2244.5507569353413 0 0 0 0 0
01050000 2078.886768003352 0 2263.8202594694417 1954.2352249947808 2145.711169355678 2062.083941657959
01060000 1952.254023986711 1752.6995662454524 2085.7512994297867 0 1866.1306670708245 1928.0777507848993
02060000 2050.06381282662 0 0 0 0 0
08011000 4846.28978587195 6276.089634591095 5572.473669381589 5335.943458161412 5305.496529614147 5597.657641910204
07011000 4724.254492095226 5478.284319083645 4919.84312150011 5072.679779472794 4934.006314252486 4825.304498557882
07011010 4675.723399063733 6150.00074693511 5358.844360287451 5219.335050519317 5452.786348420446 5284.622970290119
08011010 5342.022523079451 6660.950181081565 5980.177194609532 5981.400303637688 5745.962057170729 5508.782924995921
06011010 4103.127801850195 5184.676599727338 4691.135436680972 4706.830718305076 4570.119263660281 4760.75012137509
05011010 3766.900720882505 4432.591241578955 4219.158200959113 4195.765188068284 4135.455707096261 4129.270923498866
04011010 3595.881184234496 4144.7292667441225 3806.187752709606 3792.311972670379 3812.7278239884567 3694.8371099147216
03011010 3361.0517365986498 3854.314092020166 3657.728714126675 3548.5554583770213 3680.3316794269044 3674.160946784803
02011010 3062.590554043124 3689.337112537867 3461.6507095584116 3124.159868990866 3332.4972083401503 3417.539764695356
02021010 2980.063011636079 3035.4236694661786 3429.994418940269 2931.480883655441 3204.5733568401374 3146.335880816519
01021010 2937.5568887176464 3142.3161753851964 3207.5315914690873 2642.97592306401 2967.7216524127425 2895.1829364778046
02031010 2646.316768559121 2756.4790788265736 3203.8957636694236 2688.087466998758 2897.222285687914 2804.555550380667
01031010 2642.9838406690824 2892.406425307542 2887.945819701035 2379.1053226312483 2584.2173419272963 2681.262381688482
02041010 2338.9320834824634 2434.84314482852 2947.3616374064277 2405.965220611139 2748.204750089755 2729.1641427411073
01041010 2287.2163219488384 2557.792535622535 2625.6584649514234 2218.2051186099 2410.659669119891 2411.599773805446
01051010 2087.5262329403427 2397.9447707478225 2292.3791213998065 1825.9164504540502 2143.889848033325 2129.4685595853466
01011010 3104.0047252066147 3459.5974931743085 3224.607413055327 2896.540757651542 3074.810158641416 3126.4773606192684
01061010 1818.5132599191668 2094.631639439416 2041.990898500903 1813.0534200035308 1841.9989927310864 1796.8116003439832
02051010 2193.0109612925494 2466.699252984213 2768.2359339068175 0 2364.008364828088 2454.1475052573337
02061010 1833.88356818397 2034.2121104551807 2439.8171974677675 2004.4785792455327 2040.602855569388 0
03041010 2757.5146895080097 0 2312.029556226008 2538.1722307442583 2509.2254310999915 2545.0415381477333
09011010 5984.315150644472 7188.375150098166 6324.150676439493 6726.964288553186 6764.8684968758325 6645.429789327212
10011010 6475.035720967269 7684.583508298042 7293.136923673246 7002.838413370063 7252.401012818575 7132.193663944452
12010100 9971.83375379923 10866.599084189626 10670.96147272927 11346.804363671501 10741.475842218906 10857.300660951236
15010101 7979.578511834215 8444.774225261062 8340.707323125585 8807.580361648297 8191.436751096274 8445.143907808764
11061111 0 0 99.99999999999994 0 0 0
11051111 0 0 0 0 0 0
10031010 8815.427165716314 9619.347683109832 9266.63156268565 9373.610014999278 8979.649932308916 8904.294742239521
11041010 9552.999029959099 9876.712352630006 9262.618535733909 10601.409240456574 10043.43413338451 10059.791114559208
12041010 10302.515223581555 9509.688541766105 9232.50594509556 10148.126703987607 9348.211795720723 9266.585667165577
10061010 10395.467459369891 11371.815513452922 10409.712663687189 10874.908127647504 10732.070612827712 10747.411060764756
09061010 9960.518868357714 10730.32321958703 9550.18355643988 10142.644675345784 9665.691072026184 9853.525445692338
15061111 0 0 0 0 0 6760.944368428468
04011000 3209.0551843015287 3795.2286939909227 3500.950303705947 3588.0865619808324 3356.214250677798 3461.954056215748
05011000 3423.96435698046 4140.338755221803 3845.709140778713 3830.9153698585933 3771.530813693419 3760.4174345233077
03011000 3040.9665048052548 3497.0339156126356 3302.594273819948 3209.442458516059 3332.7567021133495 3192.1895237663066
02011000 2764.958885327338 3299.353455196828 3093.7824277812956 3173.216883721562 3050.3561629000305 2956.2689671425064
02021000 3024.1585033256806 0 3426.7013736075705 2997.46466574057 3232.333390653484 3281.8256666730945
01021000 2863.6849388029677 3215.481893480401 2878.850676298961 2841.446621486358 2968.0202763096345 0
01011000 2784.966716682 3025.159140252004 2758.9490517819636 2748.015909293492 2797.010539862935 2722.375819449474
01031000 0 3018.1895653265105 2968.9468042173457 2773.116949067621 2818.753043059148 2831.1746461519647
02031000 0 3108.099655182774 3224.8400648237493 2604.913135693779 0 3119.137486727949
02041000 2836.3964173314 2536.518795134828 0 0 0 0
03041000 2685.237360746637 0 2398.991589857355 2339.103927300619 2329.572344673227 2394.8090329995844
01041000 0 0 2926.1034263084184 2679.7581770862703 0 0
01051000 2594.5310523009116 0 2771.4174899235554 1955.5837630484575 0 0
01071010 1852.3581769973548 2019.3041681152458 1917.4465854846014 1683.1671928633302 0 0
02071010 1929.5738643960242 0 2189.9932106021165 0 0 2072.2888331476793
01081010 0 0 1819.8649249575506 1626.370043097899 1688.5770092732944 1732.189902288658
11011010 7182.777330016108 8117.624581195128 7522.734157126015 7538.403510815393 7658.328758358559 7511.394733525345
12011010 7488.712171133683 8250.62480948068 8190.433215373302 8731.343750495447 8339.43947909793 7939.076828750933
12021010 8673.27167407761 8773.307660069064 8134.359014106089 9291.88136877004 8682.380138046386 8697.5290742608
12031010 9589.841518890757 9125.229315907945 8817.388933949902 9776.328081003769 9277.377026577238 9209.832917201225
11031010 9166.683773922832 9388.69069705199 9726.313666444876 10360.728143792985 9329.193896308578 0
12061010 11423.0931496756 10977.986892433271 10279.677113212858 10744.528517572473 11011.03587077376 11070.457656660588
12051010 10845.563801609387 10142.576997093507 9707.885291248627 11025.829349533285 10074.001650752552 10153.695035575005
14031111 6447.434414711425 99.99999999999994 0 0 0 0
15031111 0 0 0 0 0 0
09031010 8923.421962912465 9165.13293091404 0 9498.904051494632 8999.155095865639 9022.146598119569
15081111 299.70009999999957 0 0 10461.861713614573 0 0
11010100 8948.556804013739 10849.975978195986 9789.784184596572 10202.597055745104 10091.605046742672 10039.773869621651
10010100 8752.013802941849 9997.75431536906 9047.301351294574 8956.565330885547 8947.362729273967 9211.36581527923
09010100 0 9561.237031237895 0 9062.936391841671 0 9141.954743625354
03011110 4995.760562379102 6008.507243786433 5409.180794583061 0 5483.762368800117 5440.104236984708
02011110 4511.130099088303 5270.062981588178 5092.452438508236 4541.201159243222 4949.52854421037 0
01011110 4377.6699662379215 4964.251103678503 4324.153650999719 4179.509994511827 4541.805521696308 4350.90248437166
01021110 4078.0586671051956 4614.061357032826 4437.044552347082 3808.189009322315 4051.767786874683 4098.033333653439
02021110 4190.449644748098 4696.429934544357 5009.9491141715525 4160.586548849813 4628.3721823004025 0
02031110 3803.000390969112 4231.788378790291 4541.221177296629 3721.652693040745 3878.3994986419616 4228.77171696817
01031110 3837.107745258051 4176.8485498607215 4075.338544324536 3568.1049298623075 3750.289259695826 3888.272396949078
02041110 3577.890064366734 3471.286279014762 4131.700321553656 3573.1287182291303 3833.7330330698314 3748.9209697907477
01041110 3581.763713732927 3833.963995367865 3905.9474785648813 0 3642.612653318552 3527.7155345246665
03041110 3713.38423130881 3102.391020265374 3381.076361284018 3421.8355322596562 3489.768292711007 3514.402094584594
02051110 0 3400.508678102622 3789.8421348318434 3213.417047274055 3305.038428671903 3623.227053532969
02061110 0 0 3658.5976622357225 0 0 3504.495011153003
06011000 3922.1887744307123 4796.936552459416 4099.838778229767 4234.784264136919 4146.885774013832 4183.700441422712
14061111 13341.20984390337 0 13389.844771429827 0 0 0
13081111 99.99999999999994 0 0 0 0 0
12081111 0 0 0 0 0 0
14011111 0 0 0 0 12454.073010288334 0
09051111 0 0 0 99.99999999999994 0 0
09061111 0 0 0 0 0 0
13080100 9218.5584065169 9871.275451870004 0 9275.287756606398 0 0
12080100 0 9534.067360831144 9240.384144189482 0 0 9171.993834527424
14021111 0 0 0 6495.6933114671065 0 0
15071111 399.4003872885896 0 0 10434.180022570667 0 0
14071111 0 0 0 299.70009999999957 0 0
13051111 99.99999999999994 0 0 0 0 0
12051111 0 0 0 0 0 0
15011111 0 0 7642.565149149208 0 0 0
14081111 199.8999999999998 0 0 0 0 0
---
