agent0
actions UP DOWN LEFT RIGHT PRESS NOTHING
01040000 4265.331361277584 4126.767970089401 3857.1831306527324 4801.48757793401 4372.079923728835 4228.30063839044
01030000 3790.7248226392776 3534.868943989185 2814.0236773448078 4233.226668955087 3720.6959476374586 4046.4011624406508
02030000 3528.3442885475224 2807.2575822892336 2809.6548028452203 4114.852473829388 3618.2458504705014 3659.6279026150514
02020000 3248.5546118249663 2170.1974224483897 2139.7349827353682 3609.8853359451 3026.3704596203497 2344.368597797514
03020000 2601.425623613063 1723.4186507694224 1615.0755663745986 2809.5340328212765 2208.855170258775 2085.088859036178
03030000 3409.701498302643 2403.2877326824077 2277.385634167043 3431.262820435621 2645.580341586408 2774.5317746299347
01020000 3175.5893870387863 3137.886730710462 2045.1429685899438 3807.652630875027 3087.4988044434544 2865.6514165383833
01010000 2407.051625045505 1908.2747453553256 2180.8937374828256 3285.924118249603 2039.8166501614655 2158.4191886306194
02010000 2599.1857484080983 1614.7536126731436 1969.3035157668128 2694.9280494859554 2068.8198250170567 1932.31685996259
02040000 4348.837188296537 3118.7567949156883 3734.324335646272 4427.284064921734 3786.0312292008202 3980.655931071741
02050000 4352.47931733226 4070.3819152271453 4051.234250808072 5009.952732040868 4559.273136438016 4422.235615709322
03050000 4570.101189682311 2759.2594685761305 3624.0149178405263 4168.109466022367 4171.1611939887025 4062.9232160917086
03040000 4068.1415459643686 2647.982835267198 2680.900225870831 4016.241607599086 3496.6942155080837 3645.603789838819
01050000 4288.943108643441 4892.880669007895 4194.557817503463 4118.990267782423 4562.666047484572 4345.479447584825
01060000 4068.3596083596412 4695.912816631291 4387.707796105135 4091.9267082228143 3929.8307822456554 4055.2709864432845
01070000 4381.375040356228 4741.888128218213 3928.774173636959 3714.042643199948 4110.89152767498 4182.675551529844
02070000 4207.674719361566 5215.750129710553 4610.698212976574 4351.451564202701 4486.274840437659 4449.7607249391
01080000 3818.3450326282973 4064.249885712363 4310.041492930513 3631.0005347799347 3781.75795391925 3708.0718306529366
02080000 3759.2518699919565 4870.52912280516 4542.640272171424 4040.1327991198664 4081.414484899497 4338.115598633137
03080000 4222.520275655234 4407.277179060105 4593.184528703479 4840.092436606745 5423.493118396057 4694.963613284643
03070000 4682.973338258539 4042.4930933630717 4184.6004566079955 5327.2935462914475 4672.190399151865 4753.406537914314
03060000 4475.0940269244975 3769.002628570624 3825.6985703649484 4680.17931148828 4148.512833939623 3978.9097987988243
02060000 3861.677549252334 4361.632450894605 4517.728238591407 5114.804147920565 4443.736552479489 4625.92353113131
04030000 2981.9490407614476 2350.880286454243 1871.6668597903058 3004.0647114002736 2270.68044720814 2138.4454041403815
04040000 3357.8243687812037 2656.974528661121 2294.2495078010593 3011.3578201957216 2968.786030547152 2944.4976382366417
04050000 3611.2041077658314 2862.5013116251766 2615.12677464953 3578.8197816031684 2902.880222554934 3023.2731519237705
04060000 4227.6226272798085 3667.9112023634425 2998.0618164591906 4256.692399424132 3787.685832745388 3724.7622007633713
04070000 4687.949154682965 4003.6083044393417 3335.6230496050375 4609.490903298514 3891.1619879972736 3961.310909945339
04080000 5084.887036816014 4324.313454540244 3889.598731914233 4435.019549377928 4308.113287588407 4420.329197230604
03080100 2855.579892577524 4591.448621054469 4408.880243524857 5513.360649872181 5039.285446734696 5047.68272771875
04080100 4826.180219366572 4301.872409740744 3894.2316780157516 4210.09114464924 4502.2660393061415 4077.749676517491
04070100 4314.873794857693 4000.5386663905792 4173.444271520484 4415.810567494321 3774.569843838701 3949.4187452816036
03070100 4165.672230388698 4030.8650379384644 4144.885867547656 4813.955186051174 4399.624032422112 4234.605280697105
02070100 4093.5747841476177 4388.0669551228875 3308.2921547493897 4457.538538653354 3101.5031973061864 3181.9064109690207
04060100 4213.056328517324 4212.788256828909 4248.598999288429 3887.5263224119226 4218.898433056565 4236.556312090921
04050100 4565.900373970952 3962.5108171864363 4118.918528162096 3101.446018558653 4232.0635760493815 4129.094895247917
04040100 5052.517619090849 4473.101072936057 4737.337814503702 4061.455809987544 4431.635013782335 4524.939597613887
03040100 5406.131127588689 4283.293585164644 5133.482767803645 4564.441021233135 5001.337696811625 5015.323282484454
03050100 1317.369485089476 3980.16200581025 5056.0678756788575 4249.801908001782 4606.389744497152 4654.196005974274
04030100 5084.809437796583 4538.8849531551095 4443.350602389889 4541.8814909875755 4605.137428838361 4647.088452251982
03030100 5505.191020040988 4529.055703853357 4594.513029289695 4998.166032912779 4937.314166889449 4871.063899732616
02040100 4798.396484902199 5110.2929124717275 5607.934808424488 5207.333313256358 5266.970767576481 5248.407647976161
01040100 4942.649398171165 4628.575105263381 5211.501985899549 4636.91898023123 4787.739727671478 4747.77640119294
02050100 4895.70833827979 4587.3727104628915 5436.684802302592 4081.8398696658414 5160.530205854538 5147.339190668339
01030100 5171.461473992414 5621.409868481089 5084.121510776098 4865.305076257808 4998.537701776708 5274.867717730937
01020100 4922.705729787984 5189.21896329237 5074.235817855275 5189.89182557626 4854.081859274412 5023.791075944421
02020100 4920.821964625044 4714.422954432075 5144.336218047481 5528.451971634232 5002.46865835036 5185.430968973778
02030100 5224.154606303565 5800.939335798905 5150.372875489655 4866.6199622989225 5294.870666850325 5585.2882511396665
03010000 1856.0627938354805 1008.057370422705 1507.4442649753325 2202.0562075648045 863.5033469925627 1535.3512076305365
04010000 1582.5306487697953 1213.7387246891508 1117.8106648351068 1638.0302073270443 1085.305385403549 1062.3313350556932
04020000 2288.356111173926 1458.333681898945 897.665909058777 2524.5466379750396 1569.2870958451117 1632.6669042757035
02080100 3946.2152620165466 4925.1836849017345 3247.4117557397253 4614.583496074618 4304.579445721128 4474.037990016174
03060100 4084.039150539296 4235.577819845684 4466.267519035264 4195.982315709993 4182.698129497261 4181.179203039382
01050100 1351.1509582349197 5168.134401565704 4843.139681831854 4032.3492946973583 4692.321246464058 4862.996751319454
02060100 3939.234030453852 4157.843733045673 1610.7349842114586 4130.511160366121 3228.9910060124043 3257.6699379811316
01060100 3988.918374418387 4100.85116179954 1278.4947193720254 3956.2779832176907 4050.0744071087165 4021.180832379185
03011000 840.0926044580776 760.31982062195 768.3958168443937 1321.297590971326 922.0340228666136 992.6763113132215
03021000 860.6286622976058 1008.3879656715781 769.5538667741317 1642.5785455402456 1244.0671909103658 1104.109892784453
02021000 872.5431717947476 1265.9440888280524 692.3838257799853 1626.1450359098285 1070.81640813842 1241.541189452922
02031000 1290.856934310384 1646.168988169052 1102.3653147662635 2145.5383785602653 1591.4197695391658 1687.6457695603158
03031000 1573.8633493051045 1332.9960722020708 1342.0614303970005 2415.4420689291137 1486.9571277339041 1705.7216932743966
04011000 757.6385478024171 728.1802844452183 738.823180062757 890.009057316883 754.9751630237442 811.8993907007423
02011000 607.4094868726124 894.9380635220135 772.5839249711248 1120.596266299568 747.3481252315479 698.7864697905267
01011000 538.1433811047707 839.0292258697591 637.7861522077153 897.0548606780178 632.23860416892 609.7648877563837
04021000 1209.4498754810588 1024.1197534891112 767.849051368911 1334.1513020346652 888.2855025663985 933.8201722046693
04031000 1886.4378907641621 1278.802249035813 1000.3784876924219 1635.8170566162257 1458.8538788230567 1393.5447697245445
01031000 1124.9165204777446 1570.1363817708902 795.582571126717 1502.007061016669 1165.0277576685617 1346.7307565359376
01041000 1657.3892610099979 2074.863055429526 1079.9892758628503 1820.6636027840811 1798.8740119654099 1653.0108781744802
02041000 1521.941734391026 2568.765408192976 1798.8687138051037 2807.6713099250624 2106.408097142682 2152.9149852599107
03041000 1887.5216151287375 1626.043011805681 1845.927334184853 3255.73969388751 2560.4002768743417 2643.4540138414022
01051000 2077.2871127549943 2699.4400284828057 1600.5794387988226 2522.8262816513516 1840.6617749204688 2065.6515743919967
02051000 1983.6649165993404 3247.9612527079094 1866.9069075291302 3385.227540943706 2787.394963700012 2725.63983679497
03051000 2700.5840482165004 2847.2018642621138 1879.6132576653395 3777.2065853144554 2999.4395635582837 2888.056364301897
01061000 2707.5118448766552 3169.675990921106 2323.7511407034153 3122.1695786365053 2635.355561688064 2669.488098820866
02061000 2603.9018934827345 3752.045778139628 2605.955353042463 3742.978340069801 3335.103296940428 3370.028036964756
01071000 2894.916979316403 3540.190772067308 2655.342614998228 3837.550582401881 3320.687224314836 3164.0927398128547
01081000 3961.2140128440215 4257.684953230712 3456.102959437816 0 3827.3769798977396 3808.6539158433256
02081000 3724.492587565592 4753.088910985395 3662.133929852159 4097.8585787001875 4054.4647445927503 4101.831532068985
03081000 4092.9437417851154 4092.7477596189474 4341.896179921136 4839.574205637432 5236.796661342739 4502.068227133121
03081100 6002.604678741492 5220.84152393948 5110.594804210329 5617.216164625316 0 0
02081100 5110.693898806951 5318.865073121552 4409.171421715471 5152.0287987531865 5699.637834987794 6479.816346996338
01081100 5077.524496898179 5722.25300778417 4608.9376392728045 4564.930804129382 5242.894497153692 5148.948810366377
01071100 4268.314186403541 4344.041774091229 3754.6610385363997 5127.554213373971 4531.653642668811 4505.465519872411
01061100 3769.3190890117226 3898.544206629139 3355.9240507678187 4552.863361954732 3908.584384395256 4099.202142145134
01051100 3776.209385147615 3096.3122281376486 2755.5279933106976 4145.330584351354 3842.1091549561897 3301.7069490356866
02051100 3625.964545698097 98.90096075223141 2337.501777406936 3757.365195146969 3474.5539384006443 3317.2025479215845
02041100 2862.396854646736 2879.3418754861127 1961.3260533116184 198.9372327534 2462.027613832817 2439.267844499013
01041100 2941.4730254126557 2416.9113849645746 2254.257904710308 3329.9127937058356 2828.008928157173 2887.1878198227355
03051100 3469.482637755689 3093.708072769259 2811.349190427419 4336.160233207425 3628.246588068006 3301.957725481012
03041100 2519.274198331361 2866.4080170287566 2177.549036124039 3415.3750645976793 2884.3706097498034 2775.113872325382
04041100 2704.191689758298 2536.720989513442 2166.020645149621 3390.9463874092444 2713.3223551006013 2737.200084225323
04031100 2380.931404108959 2035.228530521819 99.05147762942782 2619.417851502676 2193.6593714710584 2264.1068839415716
04051100 3446.3430655509064 3087.175004009311 98.89990936985403 3928.653699572774 3477.9396843059176 3335.951941400227
03061100 3812.04312756659 3787.1004886605033 3721.980770805546 4882.531773264349 4317.969661839166 4167.021512342303
04061100 4528.025375961913 3861.93969135877 3227.326921228436 4346.683365024498 3750.054611652263 3899.143600841305
02061100 4185.51276274759 4003.344038078767 3182.4993220812203 4281.587094505976 3734.904127752945 3733.7072900995627
03071100 4357.208105041191 4092.8511042652776 4038.54564145863 5511.375830334063 4762.680942116926 4816.284985672972
04081100 5559.713435264433 4834.087499892139 4347.31160324889 4675.366384916866 4811.455108427159 5111.081992708881
04071100 4971.757193149887 4497.444971567447 3920.867741940374 0 4599.347167830797 0
05051100 3654.6872006015774 3314.3477919322313 0 0 3284.5032748056606 0
06051100 0 3400.0011921056903 2938.399407492244 3606.2722395107917 0 3255.792956334015
06061100 3349.056219006652 3843.065009215779 3151.185598394701 3432.834605333822 3542.5600407682023 0
06071100 0 0 3481.3360650964414 3797.7314980410506 3609.107560588661 3607.9074356184624
06081100 3682.9261131471208 4358.057119611426 3566.1957417848207 3824.8695253876763 3638.993968887911 3648.7935514347446
07081100 3617.0689647253157 4635.17077278278 4066.3766937780624 4516.170422381842 4610.78202488817 5249.559752208551
07071100 3491.4845729318604 0 3644.07007467072 4810.304503600044 4063.886895137105 4197.73700848009
07061100 0 3707.5194468023997 3449.623883427755 4256.207331364332 3651.012908360256 3865.0353956311483
07051100 0 3340.0589974761456 3121.1271144498646 3679.213884394325 3488.1744085792116 0
07041100 0 3101.7739139423084 2258.1776077821946 3379.7098285475035 0 3122.869340990039
07031100 2722.6047031451194 2228.5613583822437 1798.0393327502352 0 2034.8802826364092 1898.3274145733812
07021100 1239.158046393031 -0.9999999998007438 1356.3959161881187 2154.5079645811147 0 1560.85189302744
06031100 0 0 1553.6399173908171 3144.060690089396 0 0
06041100 0 0 2725.314001619966 3236.9074347456462 2851.4078072139796 3018.985449004247
06021100 0 1746.3939778283868 1191.9883649573553 0 0 1441.9850446356918
06011100 830.5120711443285 1364.8540815610168 1049.4275164624692 1284.6815990032974 0 773.4449327684308
07011100 1199.7135617587448 0 0 1930.248351172202 0 0
08021100 0 0 -0.9999999999999996 0 -0.9999999999999996 0.0
08011100 0 0 0 -0.9999999999999996 0 0
01080100 4225.956930105295 4428.181491329672 4023.538512258347 3955.1989255079516 4184.980506706067 4226.007526912021
01070100 4094.460570340045 4264.862005441749 2747.405347629802 3964.268760190057 3993.113751054246 4035.218049605411
04080101 5486.764887297981 0 99.99999999999994 0 0 0
04070101 0 0 0 0 0 0
01021000 850.9195750759454 897.6404776339393 517.6376058995033 1199.0852094654028 919.2875417862396 812.2010955319771
04041000 1881.1188551659984 1641.570893095533 1342.0360125806596 2209.8846738471407 1856.081004789754 1554.4206852362288
04051000 3261.4119678578804 1793.2965006995619 1557.6436250796828 2997.290608188486 2671.700183543239 2540.0514843647393
04061000 3555.386090163853 3286.3624010122044 2606.794632588483 3683.4589964698866 2909.075938332003 3060.541962196773
04071000 4157.5189900218975 3518.1729491072424 2632.0117653528478 4271.294347256414 3220.4478165295886 3441.636518076344
03061000 3199.425505120635 3067.6949632433752 3213.4700611665908 3978.29678114278 3678.9882706313347 3457.298338356092
03071000 3667.015728531795 3884.0030094866324 3682.897231138628 4812.2198891833905 3981.147235855351 4429.021937944009
05051000 2404.9417889029955 1493.8780255795548 1956.9925412711677 1771.620342332116 1689.3678848757845 1920.6217858507664
06051000 1958.5224645174071 921.147835443144 1055.885381097376 892.9017718030449 1434.5474522558413 1492.7521516890422
06061000 687.0931837767637 737.1357227640349 1287.4348605174853 597.2053830156756 816.6687699364559 725.7864487174214
06041000 1193.5928406324645 520.2598413801143 508.6046748297316 1445.909756415468 1044.1476777890696 1047.1363701455582
06031000 741.6337177704116 501.16542824382424 454.31403734043744 1083.166060141616 766.4332887152113 711.5026158719909
06021000 499.25932522133917 352.3333061237012 314.0536498594115 690.398038740829 370.1727333716062 368.8648888226938
06011000 294.7943850470268 179.9700799242798 287.64039132403985 474.81110870422583 326.7457607506524 265.29753835079407
06071000 598.3849854289722 473.47151554537544 862.0965572569777 442.56414673587716 568.9142899706321 533.7996802919846
07071000 671.9292699036791 472.3942970523266 611.4202948128645 318.388863336819 433.08822758460366 443.9274441399551
07061000 895.1443439266069 629.0720214109948 1028.7832584731295 369.7695685751259 684.2860006226297 510.7058733486495
07051000 1566.0596236225913 1070.9470182763214 636.1595368004869 560.1868027668677 1047.2940920431568 1126.0316206163052
07011000 227.65547127516797 133.37073047515364 180.65691865701965 298.7054317110251 197.76710253605302 168.14423373629617
07021000 518.6404931883601 199.83508956574667 146.15758569460303 371.7869434286686 301.47335412311463 302.73940101565057
07031000 643.5089679692277 465.564799812362 276.6574854565405 680.6761808504334 450.4753650704679 440.27731172666665
07041000 983.1780519293621 727.8984631391108 533.1899615274374 956.8704356441226 645.8813847026275 606.0357534999179
02071000 3429.356802624624 4389.222394300699 3134.9998166691744 4225.436561746614 3473.269544502737 3692.788588583926
04081000 4731.314734866166 4066.1445962235875 3878.6926542543774 4294.383947122544 4177.553465621111 4231.336430261878
07081000 432.25091100665406 321.3683735339651 402.69277418074495 278.545037365357 349.10496472483663 378.13762185397326
06081000 0 402.834373248593 705.9136021921067 0 0 0
08021000 402.49517221467795 0 156.36490679756318 283.1172489068112 0 0
08011000 194.0707535236051 121.86843349088254 147.03202544794053 0 155.8943554732541 145.07681532207266
09011000 140.87087006676157 -0.9999999911553294 107.52862697839907 173.6800010014121 107.16151995214136 132.23480864517634
09021000 290.12053254739993 0 0 0 0 226.11625413601456
10011000 0 0 0 -0.9999999999999996 0 0
10021000 0 -0.9999999999999996 0 -0.999999999999999 -0.999999999999989 0
11021000 -0.9999999996963022 0 0 -0.9999999998007438 -0.999999999980378 0.0
03020100 5218.425332431709 4435.105946603567 3748.0834582732123 5091.541445127883 4751.223343517182 4652.802363869199
02010100 4792.230764796899 3813.6639161802673 5052.462736784698 5222.424921312724 5068.925905096343 4791.378817323129
01010100 4881.634548423295 5083.908075060182 4799.573629097869 4721.606771843066 4880.4529331736 4785.388021234275
01010101 5213.090117703152 5274.523082046591 5165.745036974657 5243.659044730577 5242.40622396862 5127.5362010549425
01070101 0 3236.9765989406537 0 0 0 3161.6620131966943
02070101 0 3398.882993000775 0 0 0 3292.511590940023
04020100 4732.101924402868 4288.15031619781 3252.875240961236 4501.757680460787 4335.882445413446 4480.515907926608
04060101 3321.4631907211415 0 0 99.99999999999994 0 0
03010100 5126.531901655697 4540.454927652454 4995.436045386278 4719.57455635819 1440.9781148598836 4883.498354930706
03011100 1365.2524466133896 1377.9903711895888 1541.597821201019 1731.066319630794 1433.2711363098842 1374.9764869753587
04011100 1413.2821292618435 1372.3642450311809 1452.0957206014723 1779.847668368554 1444.1536387670876 1367.196675389028
02011100 1470.9756502335767 1369.929851807728 1380.6935541164892 1640.3811327101075 1364.7673028062613 1417.3719951761
01011100 1420.5915948318584 1331.2235660840458 1520.8797189901725 1870.6516548455816 1542.1436889075785 1538.7316116485363
01021100 1805.3602911496932 1615.2510558016186 1582.3060803305398 2211.7577858548248 1793.644765795534 1793.9861999917991
02021100 1673.9252882825513 1617.8796905422873 1219.0334277465156 2032.0304164437516 1648.736729466136 1535.0064609274768
03021100 98.9087681159719 1605.6916447054334 1361.0481409848846 2344.279194836368 1866.280066796274 1676.4091982430934
03031100 2082.8218444998893 2273.7155666964086 1708.8910856648451 2868.008758265701 2119.1009053346984 2349.3818768456185
02071100 4726.618845131684 4898.328511292848 3885.5534372842335 0 0 4530.009368888036
02031100 2523.0977328126673 2261.71012560707 1605.0922019014529 2554.8364415514734 2115.578358542837 1942.4872832447838
01031100 2224.870963127709 2002.0812090372274 1763.1954626436925 2779.4121843035873 2177.6473430487927 2238.7027258837384
01071101 0 0 99.99999999999994 0 0 0
01061101 0 0 0 0 0 0
04021100 1692.8602794701148 1814.5608136543435 1452.0031816360627 2206.844083159942 1610.9555584343652 1663.9566317729482
02041101 0 0 0 0 5450.120342210769 5483.705940267016
04010100 4827.386987566886 4635.974217253962 4476.788621614791 4338.453376143112 4407.48642500705 4495.687946077023
04041101 0 0 0 99.99999999999994 0 0
04051101 0 0 0 0 0 0
02081101 0 0 0 0 0 6965.855052119385
02020101 5112.881034004083 99.99999999989731 5233.05247942137 5255.380374639149 5069.700318817189 5294.647166784136
03020101 0 0 0 0 0 0
03030101 0 99.03022627021245 0 3135.9070411699854 5993.202284084839 0
04050101 0 6592.954523158156 0 0 0 0
03070101 0 0 3553.568899499315 0 0 0
03060101 0 0 0 3554.1850124196094 0 0
03080101 0 4802.145655673557 3194.0982597154866 5663.585518126254 4621.565654928227 0
01040101 0 0 5549.3507655443755 0 0 0
01030101 5428.4215544318295 5658.153427173356 5333.5294647445635 0 0 0
02010101 5256.862921281444 4011.4440928205413 0 5290.863033102534 0 5297.643032726061
03010101 0 3588.4178489296987 0 0 0 4074.8590173509
01020101 5292.125238723495 5324.924390455554 5281.178156523199 0 0 5282.032585969104
04021101 99.99999999999994 0 0 0 0 0
03021101 0 0 0 0 0 0
07081101 0 0 0 5757.879492540001 0 0
01041101 0 0 0 0 5644.715404760052 0
03051101 0 0 99.99999999999994 0 0 0
03041101 0 0 0 0 0 0
02060101 0 3554.920220664363 0 0 0 0
02051101 0 199.8999999999998 0 0 0 0
03040101 0 3240.6422418826087 0 0 3168.223742239018 0
04040101 0 0 99.99999522688927 0 0 3226.950053212274
02030101 5366.456190198935 5804.0614495272075 0 4946.595967005923 5330.555241265188 0
02021101 0 0 99.99999999999994 0 0 0
02011101 0 0 0 0 0 0
03011101 0 0 0 0 4715.441145018184 0
02040101 5236.6980050239945 3130.8124464270936 5263.198098493176 0 4976.292121649282 4874.948128773882
02050101 1616.9165794319858 0 0 0 1562.2476285577122 1582.8274143169979
01050101 0 1640.9334763871486 0 0 0 1665.6596747904612
04010101 0 3709.6317276095087 0 0 0 0
04030101 0 0 0 0 0 0
01060101 0 0 0 3275.6939364382993 0 0
02080101 0 0 0 0 0 1242.2816783203134
---
agent1
actions UP DOWN LEFT RIGHT PRESS NOTHING
16040000 7980.296436926681 7528.1633365020325 7113.817237258726 7374.250746271541 7519.0303660199725 7598.469523153076
16030000 7194.412667459195 7183.836514871365 6753.884730597064 7548.399052461827 7189.847088548225 7033.189259655793
16020000 6401.75430189938 6639.562419875117 6261.944482848684 7040.60541059657 6863.031747267416 6893.9678272181645
16010000 6286.569976208271 6370.935722754322 6214.319379515291 6793.363851717171 5535.8215397665335 6310.4597583618515
15010000 6306.970442517146 6207.927310630038 6218.706966421272 6697.062631811859 6325.430526151691 6233.446270963539
15020000 6300.100295081335 6793.408353357842 6270.497106757393 6936.407996980753 6624.860892232903 6610.171045268736
15030000 7191.322668094385 7268.676589832459 6390.158711461316 7602.3461326898705 7131.8475566225015 6951.923663946949
15040000 7544.808988907879 7597.850645713058 7086.7385336803 8085.943164305698 7780.837068996382 7508.677289739158
15050000 7871.427467993378 7429.152658520206 7777.9428279840895 7738.432939362329 8197.268470158126 7752.146501045372
16050000 7651.264367013901 7345.172330981133 7624.943266715987 6976.079493373909 7383.96990589703 7298.118272693527
15060000 7560.459191788867 6884.14966180808 7764.931261310187 7138.728903530143 7367.600999522994 7996.901414572534
16060000 7622.184145568426 7019.989979730355 7265.2715059317225 6602.142212457662 7038.474374739324 6957.423344839213
16070000 7051.553405924418 6639.681828382323 7078.503848468622 6540.547656768391 6864.474643474556 7218.507379387425
15070000 7471.522876534476 6654.02384942872 7524.5028038224755 6536.525615082973 6981.60931301252 6882.812384720903
15080000 6733.381125955296 6521.2017685227465 7272.764506246565 6674.381261973037 6630.72960693307 6708.326261907516
16080000 6740.961962717457 6688.850228547896 7044.12628645176 6526.810761773191 6584.322965771297 6594.196512992529
16010100 6051.570734335019 5914.525127243056 5503.280604011175 6223.8948086373375 5680.484021269948 5687.61024409343
16020100 6541.781151831369 6198.934563055877 5737.097516664618 6569.863028123325 5991.452075029767 6208.2608092555765
16030100 7123.031300176889 6654.078590269117 6064.686892244382 6945.23324488975 6828.688062687705 6821.737023504546
15030100 7132.720315705014 6654.503180526404 6672.6157661446405 7551.663044205142 7126.550360942071 7118.181032340384
15040100 7275.694788480271 6976.573706018564 7200.200966597541 8012.240312361895 7558.0426654337225 7490.957258425295
16040100 7649.3045870671895 7246.289020963248 6724.239793005901 7317.609959759242 7149.0741285499635 6968.580588004596
16050100 7838.322002833933 7470.540944530762 6998.365756913665 7209.97604076576 7532.054839757485 7561.069675808
16060100 7759.205121113749 7325.006296206312 7454.891091494645 7125.594554621427 7393.869316396529 7175.075453169071
15050100 7785.456883277702 7580.034479365654 7510.200020481521 8315.356128401048 7861.823072373532 7972.696064653509
15060100 8420.41477573621 7257.309061819925 7838.521600264321 7473.581496504854 8104.278239372745 8035.672740326607
15070100 7407.496537724394 6964.104741727762 7888.883319003194 6996.387687028879 7339.953641734254 7294.1590939519
15080100 7007.635716971374 6506.536802038242 7482.118955021349 7016.754563607587 6816.896164722376 6953.526960473451
16080100 7030.392166002948 6747.560370017838 7073.287436835523 6667.393937382659 6672.142211909303 6791.773919935916
16070100 7347.952487612709 7099.9807740536235 7329.043602488436 6685.9038464389305 7074.21817998838 6868.663874490947
14060100 8529.346342420045 7808.0755201289185 8135.7107020002895 8194.227693489389 8187.633262869229 8102.300601505502
15061000 -0.9999999999999996 -0.9999999999999989 -0.9999999999999996 -0.999999999999998 -0.9999999999999715 0.0
16061000 -0.9999999999999984 -0.9999999999999987 -0.9999999999999996 -0.9999999999999996 -0.9999999999999996 0.0
15071000 -0.9999999999999996 -0.9999999999999996 -0.9999999999999996 -0.9999999999999996 -0.9999999999999996 0.0
15051000 -0.9999999999999986 -0.9999999999999996 -0.9999999999999647 -0.9999999999999988 -0.9999999999999996 0.0
16071000 -0.9999999999999996 -0.9999999999999996 -0.9999999999999996 -0.9999999999999996 -0.9999999999999972 0.0
15081000 -0.9999999999999972 -0.9999999999999996 -0.9999999999999996 -0.9999999999999996 -0.9999999999999516 0.0
16081000 -0.9999999999999996 -0.999999999999989 -0.9999999999999996 -0.9999999999999901 -0.9999999999999984 0.0
16051000 -0.9999999999999996 -0.9999999999999996 -0.9999999999999996 -0.9999999999999988 -0.9999999999999962 0.0
16041000 -0.9999999999999996 -0.9999999999999991 -0.9999999999999996 -0.999999999999999 -0.9999999999999849 0.0
16031000 -0.9999999999999996 -0.9999999999999516 -0.9999999999999996 -0.9999999999999911 -0.999999999999999 0.0
16021000 -0.9999999999999996 -0.9999999999999996 -0.9999999999999976 -0.9999999999999996 -0.9999999999999996 0.0
15031000 -0.9999999999999928 -0.9999999999999994 -0.9999999999999996 -0.9999999999999996 -0.9999999999999996 0.0
15021000 -0.9999999999999769 -0.999999999999989 -0.9999999999999516 -0.9999999999999996 -0.9999999999999953 0.0
15041000 -0.9999999999999993 -0.9999999999999996 -0.9999999999999996 -0.9999999999999984 -0.9999999999999982 0.0
16041100 1123.6806900387858 1014.1394333334387 969.1537512922037 1126.9287556911545 1007.9886176179732 1076.307207244781
15041100 1174.0145455929878 1015.4487973102542 1050.6179364037782 1236.1156214451296 1099.5503762623816 1099.764120129734
15051100 1278.1848815515657 1153.7685695455782 1167.4345280767084 1351.0906470343134 1268.7386069211238 1243.4425673775456
15061100 1503.3834868488884 1274.6937039651018 1255.8361140716947 1204.5718952432037 1324.8165613702108 1374.281280831965
16051100 1199.4424262101957 1142.305153128998 1032.0173234882402 1258.2031587801314 1147.956237254473 1099.8340465168278
16031100 1068.709648210674 950.5413812665449 763.3437487632084 1027.454447062845 953.852551007413 955.9459561016444
16021100 920.4972182842374 826.1560528085453 0 974.7316815969534 863.3607487406935 847.1804195088727
15021100 865.7081045024647 865.7431303680055 879.6187512464735 1035.073107472827 939.5626553251644 886.1704684999955
15031100 1070.2447858959454 934.0190230228126 937.3409405396062 1164.6461996546345 994.2485325334546 1019.4256734066781
15011100 944.8318341496579 0 0 999.3149780172446 0 886.5344954141176
16061100 1391.3296949201733 1253.91450333505 1162.6623599613813 1139.3940419454048 1281.5131619014173 1291.265732149486
16071100 1249.7458261444804 1148.0536140413406 1244.4313791890559 1028.396640365804 1137.0765679785306 1119.189911096428
16081100 1157.5994786136737 989.8479570795423 1135.5262151894772 1061.742935576556 1064.8618626390503 1044.7393851647016
15071100 1247.243047673471 1110.51126281044 1380.3206169219602 1139.35574656687 1246.6855061158685 1244.5397280725977
15081100 1133.2441902196845 0 1276.8434653430181 1156.2323776396402 1195.3919369086027 1167.6882359905696
13060100 8637.689721601546 8041.67198489586 7769.72663788437 7465.873095086947 8252.415344656858 8130.455031270315
13050100 7963.57643259306 7597.732067680597 7317.217992646709 8138.355263295283 7670.628606404715 7562.225509955947
13040100 7304.499920945249 7371.914634599633 7339.136921168502 7721.4070655151645 7147.845994917342 7230.150516860865
12050100 7740.732137933786 7542.73091673856 7312.19077031572 8439.387007328505 7861.829329225661 7851.466089976655
12060100 8724.838714985131 8114.101529152527 7805.267745725242 7997.352424725738 8286.15087145227 8221.918400457836
12040100 7403.791750044134 7248.762629860652 7121.251006376951 7898.36355027811 7144.704888197722 7166.702985785489
11040100 6714.351531692085 7121.711643300177 7601.3278118879825 7941.508975187722 7431.647401804907 7584.176182907418
10040100 6670.767394918556 7463.195363143215 6959.898948139175 7627.79459169606 7214.210653571795 7191.057118013085
09040100 6431.246507453094 7045.105467122074 6351.394966720018 6869.998006669497 6519.993919849098 6749.207579190627
09050100 7058.068309777043 7357.683498786182 6552.3544122901285 7472.965510471674 6781.281924428834 7010.567144583307
10050100 6971.815469330075 8036.328405703084 6987.562272267509 7932.683854433986 7431.157569126397 7529.9841224974425
10060100 7259.052489132679 8329.639716741638 7613.130463643563 8019.476165308757 7915.8609311974415 7578.452819164872
11060100 7826.361962787512 8148.213358422872 7801.31487246269 8828.657053263098 8123.261660126021 8492.619955470056
09060100 7400.737636688511 7919.843182894599 7184.938414082192 7472.513253357588 7349.278946889971 7191.482494077045
09070100 7420.68006506377 7967.615741739057 7408.077820975013 7064.744405425327 7613.178364039834 7357.761437921135
10070100 7566.782366469858 8583.379472587189 7939.124116279427 7611.519035427267 7618.462425897943 8033.699630299832
09080100 7299.4102330187625 7532.059598446986 7698.1182778267175 7202.559689529859 7183.847254837193 6981.193115639834
10080100 7155.61551874901 7826.273105364165 8006.99007140906 7599.630991579084 7606.8957081430235 7487.250573566304
11080100 7527.245942546019 7448.527280599597 8520.338070294683 8014.681332322027 8007.577838775189 7928.555467043013
12080100 7949.238179170145 7211.674368809555 7848.109206073594 7361.307370980709 7426.665029479653 7605.458458468801
13080100 7339.190443023377 7226.497876241618 7854.174676262608 7315.431801006268 7278.18067481297 7547.664981987083
12070100 8353.75696572317 7647.682418803156 8413.8297334241 7436.287480121861 7921.285014904846 7832.954765002499
13070100 7791.930189460809 7754.845698158708 8227.259893966351 7233.296084043195 7709.6366111578145 7769.846947929124
11050100 7667.764834292489 7981.893380178566 7366.745466665224 8351.91764675078 7809.933653680879 7721.426499779273
11070100 8076.973753867692 7995.72301236239 8393.681801814337 8198.93399406122 8918.766540379525 8526.879305562845
11070101 99.9999983357192 99.99999999999929 99.99999999999649 99.99999999999744 9027.839358654206 8745.279097030856
16011000 -0.9999999999999989 -0.9999999999999996 -0.9999999999999928 -0.9999999999999936 -0.9999999999999942 0.0
15011000 -0.9999999999999832 -0.9999999999999878 -0.9999999999999962 -0.9999999999999986 -0.9999999999999181 0.0
15020100 6626.968997008496 6186.9788852410775 6036.748585516233 7141.666935803109 6699.5590469405615 6409.256223742681
15010100 6232.956355284078 5879.285786883045 6063.341567997151 6601.597073517528 5911.057337191998 5966.355132123616
11080101 0 0 0 0 0 0
12070101 0 0 0 0 0 0
11060101 0 0 0 0 0 0
11041100 1503.5002541077981 1488.5035779170705 1614.7599796044235 1731.2730706525413 1564.3568195727892 1597.5050076236025
12041100 1542.3103273047304 1457.4640813451667 1461.2066336396706 1583.1617882825676 1484.9785905940619 1506.9913025431279
10041100 1347.431860049843 1621.5758733842486 1500.3367900293536 0 1494.5052633131218 1448.3231507420323
11051100 1535.935674477585 1596.3846410117612 1618.8124453270184 1866.356096314994 1670.7350993889477 1708.3248557783038
11061100 1758.0972788116078 1770.727383328021 1662.704773432312 1941.556612290808 1856.4275062785173 1821.3100240646238
11071100 1820.3425218247128 1832.0491562077257 1824.6166227950237 1871.0891429223402 2027.3656009251604 1879.92503113469
11081100 1725.7482716343395 1617.4202870152817 1945.5585163110893 1838.9196856505066 1821.0895593373614 1867.197797439813
12071100 1916.076220386158 1711.5430859058256 1755.0035935217738 1703.009359223706 1853.9453684976586 1835.1522308750164
12081100 1799.2765660627665 1671.0333070203164 1798.0012348919342 1733.3505600855983 1729.0713408401014 1691.6750510039196
10061100 1566.6623680215812 1884.058921766394 1576.1817474454272 1844.2599125341721 1747.8628347694575 1796.252680406351
12061100 1866.8361787722774 1694.1119476848444 1607.4615089163235 1820.6608913779348 1758.348335023986 1736.9016349048509
13061100 1776.6143850633123 1551.626982981802 1536.4765953193694 1749.6447603769632 1685.3712016236884 0
13071100 1849.9064324828819 1653.844122014938 1670.462251508641 1613.395688102122 1783.2256957689617 1740.50273221502
13081100 1754.9242280114986 0 1784.3267341120154 1668.9962740254227 1627.8930140726036 1695.5853360192907
10071100 1780.9937224413598 1936.302936302266 1764.8328862305352 1623.0995504315679 1805.1810908228274 1843.4141306714678
10081100 1607.3407897809643 1843.780641047366 1818.4236865670798 1677.2246416097967 1698.2370073745817 1660.075788678229
11071101 99.99999999999936 99.99999920397964 99.99999999999973 99.99999999973494 2138.4977977154035 2139.5743696411796
10071101 0 0 0 0 0 0
14061100 1646.2411690970025 1372.9532595818823 1481.8378869191367 1526.865424093939 1521.5638679039246 1436.432431178287
13051100 1618.6996963761662 1561.4953525341655 1438.2246098849132 1680.0827927734538 1589.0327216318246 1537.78314033899
13041100 1467.6281293828956 1408.6450692256417 1429.9026117648145 1547.923726848533 1389.2722308358104 1409.2358316076818
12051100 1681.9871333168342 1481.4839098387824 1494.8393151914738 1761.5379769941128 1674.3800848282945 1561.0007392877387
10051100 1485.989500261187 1714.3602003801009 1454.310053926701 1783.982824032742 1562.1526493699891 1539.6727525714216
09051100 1448.218164208753 1591.5125089675812 1315.455863788226 1616.3055760526822 1496.5807508168975 1525.276290280486
09041100 1418.159066022629 1493.110053046954 1404.270492847073 1495.9847334842734 1411.9744840955054 0
11061101 0 0 0 0 0 0
09061100 1657.5901054098085 0 1447.6325917964823 1753.2706930717347 1610.0860973132233 1621.885787245978
09071100 1746.913111735836 1862.7178166684669 1632.635983497179 1600.9515639803249 1772.830180282053 0
09081100 1584.7773881041408 1729.3779288915769 1709.7515788496637 1550.8813912398946 1636.1428180770245 1598.1633232670142
11081101 0 0 0 0 0 0
12071101 0 0 0 0 0 0
10070101 0 0 0 0 0 0
---
